2.222222e-001	5.421619e-005	3.350231e-008
1.052632e-001	1.223781e-005	1.695391e-009
6.896552e-002	5.256812e-006	3.125635e-010
5.128205e-002	2.907047e-006	9.559065e-011
4.081633e-002	1.841616e-006	3.835654e-011
3.389831e-002	1.270231e-006	1.823763e-011
2.898551e-002	9.287101e-007	9.752199e-012
2.531646e-002	7.084593e-007	5.658030e-012
2.247191e-002	5.581876e-007	3.420597e-012
2.020202e-002	4.511298e-007	2.104539e-012
1.834862e-002	3.721685e-007	1.715628e-012
1.680672e-002	3.122561e-007	1.065370e-012
1.550388e-002	2.657248e-007	4.384271e-013
1.438849e-002	2.288680e-007	6.199485e-013
1.342282e-002	1.991783e-007	1.146860e-013
1.257862e-002	1.749123e-007	6.407097e-013
1.183432e-002	1.548248e-007	3.701484e-013
1.117318e-002	1.380080e-007	7.771561e-014
1.058201e-002	1.237894e-007	7.575052e-013
1.005025e-002	1.116594e-007	4.429790e-014
9.569378e-003	1.012311e-007	5.937473e-013
9.132420e-003	9.219849e-008	6.801226e-013
8.733624e-003	8.432288e-008	5.602185e-013
8.368201e-003	7.741435e-008	7.620571e-013
8.032129e-003	7.132125e-008	5.917489e-014
7.722008e-003	6.592005e-008	1.393330e-013
7.434944e-003	6.110841e-008	6.517009e-014
7.168459e-003	5.680766e-008	1.524891e-013
6.920415e-003	5.294421e-008	4.096723e-014
6.688963e-003	4.946184e-008	1.720513e-012
6.472492e-003	4.631387e-008	4.984901e-014
6.269592e-003	4.345484e-008	1.484146e-012
6.079027e-003	4.085303e-008	2.224887e-013
5.899705e-003	3.847868e-008	3.880229e-013
5.730659e-003	3.630654e-008	1.892930e-013
5.571031e-003	3.431060e-008	3.343104e-012
5.420054e-003	3.247304e-008	2.190470e-013
5.277045e-003	3.078497e-008	1.043610e-013
5.141388e-003	2.922248e-008	4.772849e-013
5.012531e-003	2.777604e-008	9.858780e-014
4.889976e-003	2.643430e-008	8.648637e-014
4.773270e-003	2.518421e-008	1.579847e-013
4.662005e-003	2.402709e-008	4.898304e-013
4.555809e-003	2.294500e-008	3.912426e-012
4.454343e-003	2.193837e-008	1.457723e-013
4.357298e-003	2.098942e-008	8.942846e-013
4.264392e-003	2.010350e-008	5.901946e-013
4.175365e-003	1.927371e-008	3.227418e-013
4.089980e-003	1.848896e-008	3.419265e-012
4.008016e-003	1.775899e-008	3.185785e-012
3.929273e-003	1.706795e-008	3.380629e-012
3.853565e-003	1.641646e-008	6.383782e-013
3.780718e-003	1.580798e-008	9.564571e-014
3.710575e-003	1.522706e-008	4.890532e-013
3.642987e-003	1.466531e-008	3.897993e-013
3.577818e-003	1.414515e-008	5.810907e-013
3.514938e-003	1.365705e-008	5.685452e-012
3.454231e-003	1.319163e-008	1.189049e-012
3.395586e-003	1.274633e-008	7.469581e-013
3.338898e-003	1.232429e-008	8.467671e-013
3.284072e-003	1.192731e-008	1.057487e-013
3.231018e-003	1.154883e-008	9.570122e-013
3.179650e-003	1.117476e-008	1.135203e-012
3.129890e-003	1.083587e-008	2.717826e-013
3.081664e-003	1.050471e-008	6.341594e-013
3.034901e-003	1.018848e-008	4.960476e-013
2.989537e-003	9.879164e-009	1.461942e-012
2.945508e-003	9.592165e-009	6.247225e-013
2.902758e-003	9.321026e-009	5.875855e-013
2.861230e-003	9.056525e-009	5.543344e-013
2.820874e-003	8.790366e-009	1.101341e-013
2.781641e-003	8.554043e-009	3.639311e-013
2.743484e-003	8.320630e-009	7.898127e-013
2.706360e-003	8.097432e-009	2.579825e-012
2.670227e-003	7.882382e-009	2.751466e-012
2.635046e-003	7.677128e-009	1.255596e-011
2.600780e-003	7.477760e-009	1.907252e-012
2.567394e-003	7.285230e-009	1.054756e-011
2.534854e-003	7.113791e-009	1.911027e-012
2.503129e-003	6.926671e-009	1.168754e-011
2.472188e-003	6.741617e-009	1.140310e-012
2.442002e-003	6.592542e-009	4.133360e-013
2.412545e-003	6.448438e-009	2.177925e-012
2.383790e-003	6.283425e-009	3.872458e-013
2.355713e-003	6.135870e-009	1.768585e-012
2.328289e-003	5.993593e-009	1.241807e-011
2.301496e-003	5.868000e-009	1.306899e-011
2.275313e-003	5.719363e-009	1.119038e-011
2.249719e-003	5.603659e-009	4.717338e-013
2.224694e-003	5.471421e-009	1.273071e-011
2.200220e-003	5.355148e-009	4.392042e-013
2.176279e-003	5.223459e-009	1.244105e-011
2.152853e-003	5.133993e-009	1.019085e-011
2.129925e-003	5.017804e-009	2.611023e-012
2.107482e-003	4.919314e-009	3.085532e-012
2.085506e-003	4.806459e-009	1.255518e-011
2.063983e-003	4.712422e-009	1.311540e-011
2.042901e-003	4.600198e-009	1.307277e-011
2.022245e-003	4.507647e-009	5.100365e-013
2.002002e-003	4.418611e-009	1.138223e-011
1.982161e-003	4.355707e-009	5.375700e-013
1.962709e-003	4.258826e-009	1.162792e-011
1.943635e-003	4.176084e-009	1.378342e-012
1.924928e-003	4.096260e-009	4.646727e-012
1.906578e-003	4.042197e-009	5.514256e-012
1.888574e-003	3.943232e-009	3.874678e-013
1.870907e-003	3.894319e-009	3.755329e-012
1.853568e-003	3.798176e-009	3.022460e-011
1.836547e-003	3.728857e-009	2.230771e-012
1.819836e-003	3.664419e-009	2.657541e-012
1.803427e-003	3.591786e-009	4.741318e-012
1.787310e-003	3.556225e-009	2.366773e-012
1.771479e-003	3.493708e-009	2.887079e-011
1.755926e-003	3.408604e-009	3.803624e-012
1.740644e-003	3.349589e-009	2.856493e-012
1.725626e-003	3.262815e-009	1.995559e-011
1.710864e-003	3.239608e-009	2.259415e-012
1.696353e-003	3.181161e-009	3.117839e-012
1.682086e-003	3.130744e-009	2.877365e-012
1.668057e-003	3.075965e-009	2.086220e-011
1.654260e-003	3.025084e-009	3.253620e-012
1.640689e-003	2.975755e-009	1.832312e-011
1.627339e-003	2.919849e-009	6.505019e-012
1.614205e-003	2.897360e-009	2.884948e-011
1.601281e-003	2.826513e-009	6.264766e-012
1.588562e-003	2.822406e-009	2.630196e-011
1.576044e-003	2.738668e-009	3.244294e-012
1.563722e-003	2.678457e-009	1.818989e-011
1.551590e-003	2.667870e-009	6.488698e-012
1.539646e-003	2.626378e-009	2.110268e-011
1.527884e-003	2.580651e-009	3.130629e-011
1.516300e-003	2.566473e-009	2.132083e-011
1.504891e-003	2.528322e-009	6.759038e-012
1.493652e-003	2.462010e-009	3.510969e-012
1.482580e-003	2.405263e-009	2.186651e-011
1.471670e-003	2.394180e-009	2.747469e-012
1.460920e-003	2.359535e-009	1.793421e-011
1.450326e-003	2.322802e-009	1.798173e-011
1.439885e-003	2.294302e-009	4.306222e-012
1.429593e-003	2.234716e-009	2.955836e-011
1.419446e-003	2.201068e-009	4.671930e-012
1.409443e-003	2.219848e-009	7.177592e-013
1.399580e-003	2.190724e-009	6.362022e-012
1.389854e-003	2.160368e-009	3.082579e-011
1.380262e-003	2.106074e-009	1.089273e-011
1.370802e-003	2.078053e-009	5.786704e-012
1.361470e-003	2.049144e-009	4.367839e-012
1.352265e-003	2.021088e-009	9.636625e-012
1.343183e-003	1.994438e-009	4.373069e-011
1.334223e-003	1.964486e-009	4.057865e-013
1.325381e-003	1.991654e-009	5.425238e-011
1.316656e-003	1.866650e-009	6.485368e-012
1.308044e-003	1.896627e-009	1.448841e-012
1.299545e-003	1.866415e-009	5.770318e-011
1.291156e-003	1.886282e-009	5.038547e-011
1.282874e-003	1.812640e-009	4.276657e-011
1.274697e-003	1.789204e-009	6.906919e-012
1.266624e-003	1.822996e-009	4.883494e-011
1.258653e-003	1.759560e-009	7.625789e-012
1.250782e-003	1.679855e-009	5.759504e-012
1.243008e-003	1.698641e-009	4.736833e-011
1.235330e-003	1.696834e-009	4.169021e-011
1.227747e-003	1.675779e-009	3.777867e-012
1.220256e-003	1.646241e-009	3.105183e-012
1.212856e-003	1.625805e-009	8.323009e-012
1.205546e-003	1.663061e-009	2.361888e-012
1.198322e-003	1.636664e-009	7.808199e-012
1.191185e-003	1.562712e-009	2.759126e-012
1.184133e-003	1.555043e-009	1.415645e-012
1.177163e-003	1.536220e-009	4.911405e-012
1.170275e-003	1.513726e-009	4.683032e-012
1.163467e-003	1.500113e-009	4.909850e-011
1.156738e-003	1.415534e-009	1.385159e-011
1.150086e-003	1.462128e-009	6.331380e-012
1.143511e-003	1.495082e-009	2.490452e-012
1.137010e-003	1.462511e-009	7.218670e-012
1.130582e-003	1.347319e-009	4.214284e-011
1.124227e-003	1.381040e-009	1.419631e-011
1.117943e-003	1.366247e-009	9.177659e-012
1.111729e-003	1.331527e-009	8.059886e-012
1.105583e-003	1.365150e-009	1.286149e-011
1.099505e-003	1.336367e-009	9.028889e-012
1.093494e-003	1.272385e-009	5.798728e-011
1.087548e-003	1.300769e-009	7.428502e-012
1.081666e-003	1.332013e-009	1.283151e-011
1.075847e-003	1.270700e-009	5.914591e-011
1.070091e-003	1.265858e-009	9.593437e-012
1.064396e-003	1.291170e-009	3.915135e-011
1.058761e-003	1.230320e-009	4.794409e-011
1.053186e-003	1.263230e-009	1.194300e-011
1.047669e-003	1.255544e-009	5.975098e-011
1.042209e-003	1.207640e-009	6.069212e-011
1.036807e-003	1.188525e-009	7.392864e-012
1.031460e-003	1.176154e-009	3.927048e-011
1.026167e-003	1.164371e-009	6.436851e-012
1.020929e-003	1.098350e-009	5.013157e-011
1.015744e-003	1.144701e-009	7.988388e-012
1.010611e-003	1.072598e-009	3.390510e-012
1.005530e-003	1.123666e-009	7.884582e-012
1.000500e-003	1.111724e-009	4.140943e-011
9.955202e-004	1.097706e-009	3.858858e-011
9.905894e-004	1.087246e-009	3.846257e-012
9.857072e-004	1.073986e-009	1.085076e-011
9.808730e-004	1.112287e-009	1.040168e-011
9.760859e-004	1.052944e-009	2.170697e-011
9.713453e-004	1.140905e-009	1.089051e-011
9.666506e-004	1.032958e-009	8.669676e-011
9.620010e-004	1.023038e-009	1.942335e-011
9.573959e-004	1.012915e-009	8.576562e-011
9.528347e-004	9.055325e-010	9.197088e-012
9.483167e-004	1.093085e-009	1.694234e-011
9.438414e-004	9.842582e-010	1.502320e-011
9.394082e-004	9.829686e-010	1.439648e-011
9.350164e-004	9.666893e-010	2.207268e-011
9.306654e-004	9.579134e-010	1.557032e-011
9.263548e-004	9.488821e-010	7.023160e-012
9.220839e-004	9.399931e-010	1.085735e-010
9.178522e-004	9.314062e-010	6.456835e-012
9.136592e-004	9.221623e-010	1.731415e-011
9.095043e-004	9.011761e-010	1.940736e-011
9.053871e-004	9.056802e-010	1.037614e-010
9.013069e-004	9.966037e-010	1.944833e-011
8.972633e-004	7.913074e-010	1.820688e-011
8.932559e-004	9.653042e-010	3.900547e-012
8.892841e-004	7.758461e-010	3.625877e-012
8.853475e-004	8.667618e-010	6.405099e-012
8.814456e-004	8.595029e-010	1.900913e-011
8.775779e-004	8.514318e-010	1.808398e-011
8.737440e-004	9.424154e-010	1.492928e-011
8.699435e-004	7.381692e-010	1.554201e-012
8.661758e-004	7.309026e-010	1.587508e-012
8.624407e-004	8.057205e-010	9.644630e-011
8.587377e-004	8.149610e-010	1.536182e-011
8.550663e-004	9.225107e-010	1.412459e-011
8.514261e-004	8.019114e-010	5.319634e-013
8.478169e-004	7.945319e-010	8.632517e-011
8.442381e-004	7.880515e-010	9.845691e-011
8.406894e-004	7.817130e-010	1.101899e-010
8.371704e-004	7.746420e-010	1.064926e-012
8.336807e-004	7.677469e-010	1.092040e-010
8.302200e-004	7.622248e-010	1.079359e-011
8.267879e-004	6.644894e-010	1.000925e-010
8.233841e-004	7.489144e-010	1.672329e-012
8.200082e-004	7.136508e-010	1.488853e-011
8.166599e-004	8.656663e-010	2.734890e-011
8.133388e-004	6.325155e-010	2.517431e-012
8.100446e-004	7.559909e-010	9.355527e-011
8.067769e-004	7.192027e-010	1.320771e-010
8.035356e-004	7.141565e-010	1.016893e-010
8.003201e-004	7.079326e-010	1.066012e-010
7.971303e-004	6.698406e-010	2.939593e-011
7.939659e-004	6.966918e-010	1.263685e-010
7.908264e-004	6.603930e-010	7.405743e-012
7.877117e-004	6.858133e-010	1.037075e-010
7.846214e-004	7.088221e-010	3.003386e-011
7.815553e-004	5.487560e-010	9.720891e-012
7.785130e-004	7.963994e-010	2.169676e-011
7.754944e-004	5.921347e-010	5.149436e-012
7.724990e-004	7.589120e-010	1.099887e-011
7.695267e-004	5.694364e-010	2.976819e-011
7.665772e-004	5.282689e-010	2.960110e-011
7.636502e-004	5.240218e-010	1.218281e-011
7.607455e-004	5.195963e-010	1.255861e-010
7.578628e-004	5.354217e-010	1.045039e-010
7.550019e-004	5.314434e-010	1.054828e-010
7.521625e-004	7.243388e-010	1.241939e-010
7.493443e-004	7.196287e-010	7.117640e-012
7.465472e-004	5.000740e-010	7.256962e-011
7.437709e-004	7.261380e-010	9.020895e-011
7.410152e-004	6.067903e-010	7.695289e-012
7.382798e-004	6.165233e-010	2.665879e-011
7.355645e-004	5.980254e-010	2.108702e-011
7.328692e-004	4.952235e-010	2.045608e-011
7.301935e-004	5.782668e-010	2.705747e-011
7.275373e-004	5.740187e-010	8.798406e-012
7.249003e-004	6.804689e-010	1.138534e-012
7.222824e-004	6.758980e-010	1.804679e-011
7.196833e-004	5.726567e-010	9.164780e-012
7.171029e-004	6.597423e-010	1.670053e-011
7.145409e-004	4.728984e-010	2.578326e-011
7.119972e-004	5.547193e-010	1.210891e-010
7.094714e-004	4.626985e-010	1.048139e-011
7.069636e-004	5.481686e-010	8.382661e-011
7.044734e-004	5.481579e-010	1.852740e-011
7.020007e-004	5.480347e-010	1.004818e-011
6.995453e-004	5.408374e-010	2.049105e-011
6.971070e-004	4.386502e-010	1.052947e-011
6.946857e-004	5.346349e-010	8.941570e-011
6.922811e-004	5.290222e-010	2.181388e-011
6.898931e-004	5.241356e-010	1.864804e-010
6.875215e-004	5.226092e-010	1.046951e-011
6.851662e-004	7.171085e-010	2.291645e-011
6.828269e-004	7.129128e-010	1.837364e-010
6.805036e-004	5.112876e-010	1.482470e-011
6.781960e-004	3.181432e-010	2.140885e-010
6.759040e-004	4.975277e-010	1.818991e-010
6.736275e-004	3.052516e-010	7.057466e-012
6.713662e-004	4.988302e-010	2.448086e-011
6.691201e-004	4.932914e-010	6.251666e-012
6.668890e-004	2.942000e-010	1.837452e-011
6.646726e-004	4.729610e-010	1.044476e-011
6.624710e-004	4.848959e-010	4.376166e-012
6.602839e-004	4.819863e-010	3.782863e-012
6.581112e-004	2.805033e-010	7.654544e-012
6.559528e-004	4.575338e-010	1.745049e-010
6.538084e-004	4.717284e-010	1.749625e-010
6.516781e-004	4.692791e-010	2.523848e-011
6.495615e-004	2.692285e-010	2.447265e-011
6.474587e-004	2.904192e-010	2.208278e-011
6.453695e-004	4.597479e-010	1.995515e-012
6.432937e-004	2.597724e-010	6.014078e-013
6.412312e-004	4.550720e-010	5.273559e-013
6.391818e-004	2.535501e-010	5.369594e-013
6.371456e-004	4.485966e-010	1.967899e-010
6.351223e-004	6.424007e-010	1.740053e-012
6.331117e-004	4.421014e-010	1.691609e-010
6.311139e-004	2.749554e-010	3.509038e-011
6.291287e-004	6.007661e-010	3.182843e-011
6.271558e-004	4.351958e-010	4.967915e-012
6.251954e-004	3.954139e-010	3.264555e-011
6.232471e-004	3.927038e-010	1.645679e-010
6.213110e-004	2.289594e-010	6.947110e-012
6.193868e-004	3.854942e-010	3.461664e-011
6.174745e-004	2.239875e-010	1.936402e-010
6.155740e-004	6.543668e-010	2.828981e-011
6.136852e-004	4.164806e-010	1.609528e-010
6.118079e-004	6.110797e-010	2.976985e-011
6.099421e-004	4.107474e-010	1.177136e-011
6.080876e-004	4.093951e-010	2.231532e-010
6.062443e-004	4.070536e-010	6.579848e-012
6.044122e-004	4.036849e-010	1.650297e-010
6.025911e-004	2.034477e-010	7.297274e-012
6.007810e-004	3.995374e-010	2.053056e-010
5.989817e-004	1.738264e-010	2.293290e-010
5.971932e-004	3.712753e-010	1.490552e-011
5.954153e-004	3.920746e-010	2.070237e-010
5.936480e-004	3.689563e-010	1.195977e-011
5.918911e-004	5.847348e-010	8.564260e-012
5.901446e-004	4.037507e-010	1.692291e-010
5.884084e-004	3.997963e-010	1.952999e-010
5.866823e-004	3.805288e-010	2.066730e-010
5.849664e-004	3.775579e-010	1.875613e-010
5.832604e-004	3.620968e-010	1.906875e-010
5.815644e-004	3.733738e-010	2.436606e-011
5.798782e-004	3.721264e-010	2.422040e-011
5.782018e-004	4.284705e-010	3.545608e-011
5.765350e-004	4.263905e-010	1.947209e-010
5.748778e-004	3.654042e-010	5.521417e-011
5.732302e-004	5.611441e-010	3.630896e-011
5.715919e-004	3.602607e-010	1.900611e-010
5.699630e-004	4.235637e-010	5.425216e-011
5.683433e-004	4.909378e-010	1.620273e-010
5.667328e-004	4.197628e-010	1.307832e-011
5.651314e-004	3.532049e-010	5.077039e-011
5.635390e-004	6.135299e-010	3.704259e-011
5.619556e-004	4.832591e-010	4.967415e-011
5.603811e-004	2.843138e-010	1.800264e-010
5.588153e-004	3.452165e-010	3.657874e-011
5.572583e-004	2.844588e-010	1.500874e-010
5.557099e-004	3.997279e-010	6.017276e-011
5.541701e-004	2.827043e-010	2.008671e-011
5.526389e-004	3.934826e-010	4.737433e-011
5.511160e-004	2.817944e-010	2.236716e-010
5.496015e-004	3.865349e-010	1.749834e-011
5.480954e-004	2.805076e-010	1.534951e-010
5.465974e-004	3.057824e-010	2.522638e-010
5.451077e-004	8.229617e-011	3.845835e-011
5.436260e-004	3.263970e-010	3.815059e-012
5.421523e-004	1.728180e-010	2.458940e-010
5.406867e-004	3.232089e-010	1.597561e-010
5.392289e-004	7.996925e-011	3.507317e-011
5.377790e-004	2.784863e-010	1.598530e-010
5.363368e-004	3.169592e-010	1.584446e-010
5.349024e-004	3.565348e-010	2.356088e-010
5.334756e-004	1.557563e-010	1.349254e-012
5.320564e-004	2.764258e-010	4.007372e-011
5.306447e-004	2.660818e-010	3.348744e-011
5.292405e-004	5.420350e-010	1.952060e-010
5.278438e-004	2.740813e-010	1.910869e-010
5.264543e-004	3.378906e-010	5.433876e-012
5.250722e-004	1.073792e-010	3.573708e-011
5.236973e-004	4.725671e-010	1.095413e-011
5.223296e-004	2.728969e-010	5.046830e-011
5.209690e-004	2.726588e-010	3.491007e-011
5.196155e-004	2.721742e-010	1.157219e-011
5.182690e-004	2.715299e-010	3.399925e-011
5.169294e-004	2.962275e-010	1.881694e-010
5.155968e-004	2.713175e-010	2.384856e-010
5.142710e-004	2.703925e-010	2.509420e-010
5.129520e-004	3.325038e-010	1.145795e-011
5.116398e-004	2.705534e-010	1.751268e-010
5.103343e-004	3.060606e-010	2.099618e-010
5.090354e-004	2.862194e-010	1.683094e-010
5.077431e-004	7.074230e-011	1.036904e-011
5.064573e-004	3.144065e-010	2.549072e-012
5.051781e-004	6.996881e-011	1.483851e-010
5.039053e-004	2.562676e-010	2.969669e-011
5.026389e-004	2.921395e-010	2.137182e-010
5.013788e-004	2.883450e-010	5.207390e-012
5.001250e-004	4.551045e-010	2.419709e-011
4.988775e-004	2.666941e-010	3.452583e-011
4.976362e-004	4.636679e-010	1.779699e-011
4.964011e-004	6.805290e-011	2.286149e-011
4.951721e-004	4.632200e-010	2.456757e-011
4.939491e-004	2.746210e-010	2.213086e-010
4.927322e-004	2.657612e-010	2.399918e-010
4.915213e-004	2.693411e-010	1.994693e-011
4.903163e-004	2.683831e-010	2.097988e-011
4.891171e-004	6.576306e-011	4.387546e-011
4.879239e-004	1.323860e-010	2.190870e-011
4.867364e-004	1.323317e-010	4.190412e-010
4.855547e-004	2.593765e-010	4.657752e-011
4.843788e-004	2.522994e-010	4.130084e-010
4.832085e-004	2.577588e-010	2.465839e-011
4.820439e-004	2.554379e-010	3.810408e-011
4.808848e-004	2.552349e-010	1.197253e-011
4.797314e-004	2.548139e-010	2.485190e-011
4.785834e-004	2.536316e-010	3.707146e-011
4.774409e-004	1.427402e-010	2.630896e-011
4.763039e-004	2.317811e-010	6.808665e-012
4.751722e-004	2.513760e-010	3.417316e-010
4.740460e-004	1.488485e-010	2.771483e-011
4.729250e-004	2.480863e-010	3.981563e-010
4.718094e-004	6.412220e-010	6.078904e-011
4.706990e-004	2.447673e-010	2.921907e-011
4.695938e-004	6.378732e-010	2.924394e-011
4.684938e-004	1.514140e-010	2.824752e-011
4.673989e-004	2.423691e-010	2.663036e-012
4.663092e-004	2.407947e-010	4.273488e-010
4.652245e-004	2.374781e-010	3.684365e-010
4.641448e-004	2.747946e-010	5.973888e-012
4.630702e-004	1.585949e-010	4.272007e-010
4.620005e-004	2.362959e-010	2.476519e-011
4.609357e-004	1.591890e-010	3.318246e-011
4.598758e-004	2.770150e-010	1.025580e-011
4.588208e-004	1.631987e-010	2.423595e-011
4.577707e-004	2.306648e-010	3.624367e-011
4.567253e-004	2.305438e-010	3.611900e-011
4.556847e-004	1.779896e-010	3.664949e-010
4.546488e-004	2.283793e-010	1.655553e-011
4.536176e-004	2.274965e-010	1.855649e-011
4.525911e-004	1.698974e-010	1.714962e-011
4.515692e-004	2.235677e-010	3.568147e-010
4.505519e-004	2.237145e-010	3.566125e-010
4.495392e-004	2.245607e-010	4.116825e-010
4.485311e-004	2.234739e-010	2.527489e-011
4.475274e-004	2.214021e-010	6.199552e-011
4.465282e-004	2.856587e-010	2.145661e-011
4.455335e-004	6.143666e-010	2.645972e-011
4.445432e-004	2.186994e-010	4.114242e-011
4.435573e-004	1.480895e-010	1.254796e-011
4.425758e-004	6.831022e-010	6.329670e-011
4.415986e-004	2.155326e-010	3.661224e-010
4.406257e-004	1.429260e-010	1.006373e-011
4.396571e-004	2.101751e-010	3.298439e-011
4.386927e-004	2.121950e-010	4.945100e-011
4.377325e-004	2.112525e-010	6.843937e-011
4.367766e-004	5.279494e-010	4.380474e-011
4.358248e-004	2.113842e-010	3.592829e-010
4.348771e-004	2.110246e-010	7.134071e-012
4.339336e-004	6.017142e-010	4.311552e-010
4.329942e-004	6.726850e-010	4.414538e-010
4.320588e-004	2.065841e-010	4.589723e-010
4.311274e-004	2.719291e-010	4.148195e-010
4.302000e-004	1.425452e-010	4.271949e-011
4.292767e-004	1.925329e-010	3.465339e-012
4.283572e-004	1.927893e-010	1.342915e-011
4.274418e-004	2.620105e-010	4.828149e-011
4.265302e-004	2.578479e-010	1.539879e-012
4.256225e-004	1.463182e-010	4.591205e-011
4.247186e-004	5.949100e-010	4.755196e-011
4.238186e-004	1.478581e-010	4.453765e-010
4.229224e-004	6.428036e-010	3.206324e-013
4.220300e-004	1.977075e-010	5.089928e-011
4.211413e-004	1.963645e-010	1.567080e-012
4.202564e-004	1.950433e-010	5.014833e-011
4.193751e-004	1.953994e-010	5.270406e-011
4.184976e-004	2.434901e-010	4.451051e-011
4.176237e-004	2.028782e-010	5.084633e-011
4.167535e-004	1.546119e-010	5.348144e-011
4.158869e-004	1.908919e-010	4.018591e-010
4.150239e-004	5.546817e-010	2.410627e-011
4.141644e-004	1.890811e-010	4.471179e-010
4.133085e-004	1.882086e-010	6.300727e-011
4.124562e-004	1.601801e-010	4.535985e-010
4.116073e-004	1.858568e-010	3.427341e-010
4.107620e-004	2.080530e-010	1.576483e-011
4.099201e-004	2.103943e-010	6.329948e-011
4.090816e-004	1.848928e-010	5.574730e-011
4.082466e-004	5.798750e-010	4.226457e-010
4.074150e-004	1.841391e-010	3.393886e-010
4.065867e-004	1.816570e-010	9.749312e-011
4.057618e-004	2.152390e-010	2.507672e-011
4.049403e-004	4.510533e-010	5.487799e-011
4.041220e-004	5.772383e-011	5.665546e-011
4.033071e-004	1.806625e-010	1.239918e-010
4.024955e-004	1.785448e-010	3.260358e-010
4.016871e-004	1.789775e-010	6.927248e-011
4.008819e-004	3.063394e-010	1.679223e-011
4.000800e-004	1.805143e-010	7.082723e-011
3.992813e-004	1.775857e-010	3.372060e-010
3.984858e-004	1.742029e-010	2.801731e-010
3.976934e-004	2.208707e-010	4.669565e-010
3.969041e-004	1.734702e-010	7.461542e-011
3.961180e-004	1.737838e-010	4.051898e-010
3.953350e-004	4.913503e-011	7.560286e-011
3.945551e-004	1.714645e-010	5.926870e-011
3.937783e-004	2.226411e-010	1.097299e-010
3.930045e-004	4.513331e-010	3.345622e-010
3.922338e-004	2.837378e-010	5.347278e-011
3.914660e-004	2.255037e-010	1.074409e-010
3.907013e-004	6.739428e-010	4.575085e-010
3.899396e-004	1.691006e-010	4.572512e-010
3.891808e-004	1.674305e-010	1.469935e-012
3.884249e-004	3.332208e-010	6.232159e-011
3.876720e-004	2.697355e-010	4.129364e-011
3.869220e-004	2.650506e-010	1.019528e-010
3.861749e-004	1.650816e-010	8.481371e-011
3.854307e-004	2.328198e-010	3.396883e-011
3.846894e-004	1.628272e-010	1.000968e-010
3.839509e-004	1.634956e-010	2.831457e-011
3.832152e-004	3.239737e-010	3.077122e-010
3.824823e-004	1.613620e-010	9.837431e-011
3.817522e-004	2.480359e-010	2.494605e-011
3.810250e-004	7.535217e-011	3.325924e-010
3.803004e-004	2.451481e-010	3.018771e-010
3.795787e-004	2.350824e-010	6.453904e-011
3.788596e-004	4.767494e-010	6.736800e-011
3.781433e-004	2.356241e-010	9.203349e-011
3.774297e-004	2.361978e-010	6.509604e-011
3.767188e-004	8.178269e-011	3.780498e-010
3.760105e-004	3.128022e-010	4.127620e-010
3.753049e-004	8.326528e-011	9.481638e-011
3.746020e-004	2.246235e-010	3.922748e-010
3.739017e-004	1.550335e-010	8.721446e-011
3.732040e-004	8.674805e-011	9.687162e-011
3.725088e-004	8.973766e-011	6.671796e-011
3.718163e-004	1.535851e-010	8.360035e-011
3.711264e-004	2.149483e-010	7.970180e-012
3.704390e-004	3.037987e-010	6.843937e-011
3.697541e-004	3.013921e-010	2.467693e-011
3.690718e-004	2.450617e-010	6.898970e-011
3.683920e-004	1.478891e-010	7.217241e-010
3.677147e-004	5.432129e-010	2.654188e-011
3.670398e-004	2.448917e-010	7.158441e-011
3.663675e-004	5.949434e-010	7.026524e-011
3.656976e-004	2.501136e-010	9.448364e-011
3.650301e-004	1.930411e-010	2.184786e-011
3.643651e-004	1.468862e-010	1.064872e-010
3.637025e-004	2.496157e-010	4.965368e-010
3.630423e-004	1.042801e-010	1.043606e-010
3.623845e-004	1.867239e-010	7.103584e-011
3.617291e-004	5.010520e-010	7.353462e-011
3.610760e-004	1.437490e-010	7.345591e-011
3.604253e-004	1.431781e-010	7.145395e-011
3.597769e-004	2.838442e-010	7.001022e-011
3.591309e-004	1.093637e-010	1.046662e-010
3.584872e-004	1.729388e-010	3.848383e-010
3.578458e-004	1.708450e-010	6.941236e-011
3.572066e-004	5.372203e-010	7.388778e-011
3.565698e-004	8.850509e-011	9.914303e-011
3.559352e-004	5.603581e-010	6.648593e-011
3.553029e-004	5.824572e-010	4.875789e-011
3.546728e-004	1.176446e-010	3.442797e-010
3.540450e-004	1.595151e-010	8.510370e-011
3.534193e-004	5.335870e-010	2.992089e-010
3.527959e-004	1.374617e-010	9.138623e-011
3.521747e-004	1.367909e-010	4.649847e-011
3.515556e-004	5.318386e-010	3.364067e-010
3.509388e-004	5.304244e-010	4.968851e-010
3.503240e-004	1.112992e-010	4.323543e-010
3.497115e-004	2.609748e-010	4.600295e-010
3.491011e-004	5.235439e-010	8.336420e-011
3.484928e-004	1.420968e-010	4.522521e-010
3.478866e-004	5.293243e-010	4.715992e-010
3.472825e-004	2.574376e-010	7.196344e-011
3.466805e-004	5.286235e-010	4.998002e-011
3.460806e-004	5.297122e-010	7.325229e-011
3.454828e-004	1.318998e-010	4.711898e-010
3.448870e-004	1.336155e-010	6.482357e-010
3.442933e-004	1.250736e-010	1.211751e-010
3.437017e-004	6.521880e-010	1.244995e-010
3.431120e-004	6.591327e-010	6.344089e-010
3.425244e-004	9.093446e-010	1.088890e-010
3.419388e-004	1.307270e-010	8.979170e-010
3.413552e-004	1.499981e-010	1.316977e-010
3.407736e-004	9.179889e-010	1.226038e-010
3.401939e-004	1.052867e-010	1.016147e-010
3.396162e-004	9.209900e-010	1.294284e-010
3.390405e-004	8.897859e-010	1.003225e-010
3.384667e-004	1.257974e-010	1.253821e-010
3.378949e-004	1.639811e-010	1.210649e-010
3.373250e-004	6.633947e-010	8.838631e-010
3.367570e-004	6.639693e-010	1.291937e-010
3.361910e-004	1.227004e-010	1.238718e-010
3.356268e-004	1.703554e-010	1.754943e-010
3.350645e-004	1.210402e-010	1.761014e-010
3.345041e-004	8.640280e-010	1.659615e-010
3.339456e-004	1.750287e-010	9.194847e-010
3.333889e-004	1.232806e-010	1.300283e-010
3.328341e-004	1.211578e-010	1.164304e-010
3.322811e-004	6.076718e-010	1.748164e-010
3.317300e-004	6.124611e-010	1.319845e-010
3.311807e-004	1.202486e-010	1.112742e-010
3.306332e-004	1.221532e-010	6.859058e-011
3.300875e-004	1.896071e-010	1.317696e-010
3.295436e-004	6.698131e-010	1.787420e-010
3.290015e-004	9.131970e-010	1.358964e-010
3.284612e-004	9.098166e-010	1.500339e-010
3.279226e-004	5.939242e-010	1.007958e-010
3.273858e-004	4.073020e-011	5.625711e-011
3.268508e-004	1.174070e-010	5.532474e-011
3.263175e-004	1.161031e-010	6.921228e-010
3.257860e-004	3.102396e-011	5.383916e-011
3.252561e-004	5.853382e-010	9.267638e-010
3.247280e-004	1.174837e-010	8.881444e-010
3.242017e-004	1.133811e-010	1.359968e-010
3.236770e-004	1.130156e-010	6.534890e-010
3.231540e-004	9.081665e-010	1.574683e-010
3.226327e-004	1.134648e-010	1.412411e-010
3.221131e-004	6.762760e-010	9.958534e-011
3.215951e-004	1.133117e-010	1.494679e-010
3.210788e-004	1.138353e-010	1.384753e-010
3.205642e-004	1.124697e-010	6.503018e-010
3.200512e-004	7.943475e-010	8.582934e-011
3.195399e-004	1.122886e-010	7.597155e-010
3.190301e-004	1.159493e-010	1.411946e-010
3.185221e-004	1.120194e-010	1.352006e-010
3.180156e-004	7.817411e-010	6.498199e-010
3.175107e-004	9.034828e-010	1.442226e-010
3.170074e-004	1.134605e-010	9.232689e-010
3.165058e-004	5.545687e-010	1.447910e-010
3.160057e-004	1.095540e-010	1.473721e-011
3.155072e-004	1.085650e-010	7.422940e-011
3.150102e-004	2.499967e-011	1.297518e-011
3.145149e-004	1.082496e-010	6.464600e-010
3.140210e-004	2.931966e-011	1.196530e-010
3.135288e-004	1.122961e-010	6.443504e-010
3.130380e-004	1.076248e-010	1.460340e-010
3.125488e-004	8.991148e-010	1.116401e-010
3.120612e-004	1.051893e-010	1.455798e-010
3.115750e-004	3.962242e-011	1.131317e-012
3.110904e-004	9.002157e-010	6.696299e-011
3.106072e-004	2.587799e-010	1.473079e-010
3.101256e-004	6.798303e-010	7.873788e-010
3.096455e-004	1.059711e-010	9.945211e-011
3.091668e-004	6.877540e-010	7.534751e-012
3.086896e-004	1.028765e-010	6.399445e-010
3.082139e-004	4.886125e-011	7.336828e-010
3.077397e-004	2.600137e-010	1.419653e-011
3.072669e-004	4.151002e-011	7.888029e-010
3.067955e-004	1.051321e-010	5.537892e-011
3.063256e-004	1.037776e-009	1.622091e-011
3.058572e-004	1.041658e-010	7.756558e-010
3.053901e-004	5.494605e-010	8.914769e-011
3.049245e-004	8.227057e-010	1.518793e-010
3.044603e-004	2.343126e-010	2.417633e-011
3.039976e-004	1.022652e-009	7.895018e-011
3.035362e-004	8.934992e-010	7.630724e-010
3.030762e-004	1.000116e-010	9.584922e-011
3.026176e-004	7.710623e-010	1.333373e-010
3.021604e-004	2.166352e-010	3.116218e-011
3.017046e-004	2.140620e-010	8.745354e-010
3.012502e-004	9.637557e-011	4.202905e-011
3.007971e-004	9.864720e-011	1.421261e-010
3.003454e-004	6.885922e-010	8.255597e-010
2.998950e-004	5.888597e-010	1.324034e-010
2.994460e-004	2.724820e-012	1.433456e-010
2.989984e-004	9.863277e-011	1.380333e-010
2.985520e-004	1.936635e-010	1.448495e-010
2.981070e-004	1.016451e-010	4.315792e-011
2.976633e-004	9.843149e-011	8.330732e-010
2.972210e-004	9.730533e-010	3.588407e-011
2.967799e-004	6.956521e-010	1.356545e-010
2.963402e-004	1.815644e-010	3.289713e-011
2.959018e-004	6.910245e-010	4.495138e-011
2.954646e-004	6.942769e-010	5.216749e-011
2.950288e-004	2.097889e-011	7.072315e-010
2.945942e-004	9.586243e-011	3.959544e-011
2.941609e-004	9.464907e-011	9.156940e-010
2.937289e-004	6.950136e-010	1.083944e-011
2.932981e-004	1.597701e-010	3.446821e-011
2.928686e-004	9.538603e-011	1.251381e-010
2.924404e-004	1.547866e-010	8.496672e-010
2.920134e-004	9.397021e-010	3.187783e-011
2.915877e-004	1.496372e-010	7.272470e-010
2.911632e-004	4.240963e-011	1.181211e-010
2.907399e-004	6.982332e-010	2.248335e-011
2.903179e-004	1.386480e-010	7.711244e-010
2.898971e-004	9.306012e-011	1.172346e-010
2.894775e-004	9.337335e-010	2.133540e-010
2.890591e-004	3.278569e-010	1.230840e-010
2.886419e-004	1.437183e-010	5.847927e-010
2.882260e-004	3.307044e-010	5.664591e-011
2.878112e-004	6.995226e-010	1.100763e-010
2.873976e-004	3.361539e-010	6.800132e-010
2.869852e-004	9.166712e-011	7.998758e-010
2.865740e-004	9.474688e-010	8.996233e-010
2.861640e-004	4.523145e-010	6.894862e-010
2.857551e-004	9.142054e-011	5.349766e-010
2.853474e-004	3.400096e-010	1.448758e-010
2.849409e-004	1.612027e-010	1.831660e-010
2.845355e-004	9.536405e-010	1.665224e-012
2.841313e-004	9.078738e-011	1.784771e-010
2.837282e-004	9.044554e-011	1.758972e-010
2.833263e-004	6.982944e-010	2.574384e-010
2.829254e-004	3.485802e-010	9.584578e-011
2.825258e-004	8.448842e-011	9.595000e-010
2.821272e-004	9.083445e-011	8.831269e-012
2.817298e-004	6.179158e-010	9.471091e-011
2.813335e-004	8.912826e-011	1.659454e-010
2.809383e-004	3.454464e-010	1.089562e-011
2.805443e-004	8.644663e-011	9.459267e-011
2.801513e-004	3.370754e-010	6.803527e-010
2.797594e-004	3.345497e-010	2.324962e-010
2.793686e-004	1.552015e-010	1.844016e-010
2.789789e-004	3.297774e-010	8.764850e-010
2.785903e-004	4.694012e-011	2.031686e-011
2.782028e-004	3.224013e-010	1.285885e-010
2.778164e-004	8.390588e-011	7.086812e-010
2.774310e-004	8.596690e-011	5.374570e-010
2.770467e-004	1.367304e-010	1.976885e-010
2.766634e-004	3.111417e-010	8.713348e-010
2.762813e-004	7.041127e-010	5.399292e-010
2.759001e-004	3.030889e-010	6.429822e-010
2.755200e-004	8.709877e-011	1.376758e-010
2.751410e-004	8.261014e-011	1.806501e-010
2.747630e-004	4.957632e-010	7.485312e-011
2.743861e-004	1.271178e-010	9.218742e-010
2.740101e-004	1.264397e-010	5.360123e-011
2.736352e-004	7.085730e-010	7.400414e-011
2.732614e-004	1.177084e-010	8.652437e-010
2.728885e-004	8.482315e-011	5.667045e-011
2.725167e-004	8.065304e-011	9.120035e-010
2.721459e-004	8.707546e-010	7.174572e-011
2.717761e-004	1.061685e-009	2.340459e-010
2.714072e-004	8.971710e-010	7.169221e-011
2.710394e-004	2.649924e-010	7.868195e-010
2.706726e-004	1.051884e-009	2.323610e-010
2.703068e-004	9.835954e-011	9.060244e-010
2.699420e-004	8.813330e-010	6.786138e-011
2.695781e-004	7.328183e-010	5.220768e-011
2.692152e-004	2.497949e-010	1.074772e-010
2.688533e-004	8.583456e-011	6.342915e-011
2.684924e-004	8.189560e-011	1.012532e-009
2.681325e-004	7.104470e-010	2.228552e-010
2.677735e-004	2.400513e-010	2.141185e-010
2.674154e-004	8.193990e-011	9.678935e-011
2.670584e-004	8.675122e-010	5.805442e-010
2.667022e-004	7.702761e-011	1.002234e-009
2.663471e-004	5.588606e-010	8.902312e-011
2.659928e-004	2.528139e-010	2.008749e-010
2.656395e-004	7.263851e-010	6.703275e-010
2.652872e-004	2.204313e-010	7.346235e-011
2.649358e-004	6.554668e-011	1.018081e-009
2.645853e-004	7.145433e-010	9.807110e-010
2.642357e-004	8.480658e-010	2.054815e-010
2.638871e-004	2.110843e-010	8.511292e-011
2.635393e-004	7.602041e-011	5.143541e-011
2.631925e-004	5.381273e-011	1.308246e-010
2.628466e-004	8.427309e-010	8.383285e-010
2.625016e-004	7.423370e-010	1.735025e-010
2.621576e-004	7.167358e-010	1.365729e-010
2.618144e-004	1.927436e-010	7.155116e-010
2.614721e-004	4.953682e-010	8.367459e-010
2.611307e-004	8.295479e-010	7.124081e-010
2.607902e-004	1.866658e-010	9.723118e-010
2.604506e-004	3.518774e-011	8.326045e-010
2.601118e-004	9.296921e-010	5.967025e-010
2.597740e-004	2.825721e-010	1.691152e-010
2.594370e-004	9.649382e-010	6.028811e-011
2.591009e-004	7.171239e-010	8.774081e-011
2.587657e-004	7.456169e-011	1.533584e-010
2.584313e-004	7.437084e-011	5.851586e-011
2.580978e-004	1.688866e-010	9.131629e-011
2.577652e-004	8.977692e-010	2.166728e-010
2.574334e-004	1.577261e-011	1.002390e-009
2.571025e-004	8.668127e-010	9.356982e-011
2.567724e-004	7.366174e-011	1.174018e-010
2.564431e-004	9.176704e-011	1.145433e-010
2.561147e-004	1.519952e-010	9.664283e-010
2.557872e-004	5.327849e-012	6.848313e-010
2.554605e-004	7.884995e-010	3.231737e-011
2.551346e-004	1.419198e-012	1.743384e-010
2.548095e-004	9.375317e-010	9.026193e-010
2.544853e-004	1.429984e-010	8.186540e-010
2.541619e-004	3.133938e-012	6.636066e-010
2.538393e-004	6.576032e-010	3.695177e-011
2.535176e-004	7.814145e-010	2.686906e-011
2.531966e-004	9.239255e-010	1.066576e-010
2.528765e-004	1.032657e-009	9.372410e-010
2.525571e-004	8.579913e-010	3.040468e-011
2.522386e-004	1.763464e-010	6.032386e-011
2.519209e-004	6.909162e-011	7.740952e-011
2.516040e-004	7.083811e-011	1.979672e-011
2.512879e-004	8.600558e-010	1.129935e-010
2.509725e-004	8.143944e-010	7.702782e-010
2.506580e-004	1.116620e-010	2.096201e-011
2.503442e-004	1.109682e-010	6.760410e-010
2.500313e-004	7.162015e-011	7.729325e-010
2.497191e-004	7.907031e-010	5.470924e-011
2.494077e-004	6.884493e-013	9.816647e-010
2.490970e-004	1.328455e-010	8.385276e-010
2.487872e-004	6.899871e-010	8.025491e-010
2.484781e-004	8.844773e-010	1.535990e-010
2.481697e-004	6.954259e-011	1.363221e-011
2.478622e-004	8.593536e-010	7.798751e-010
2.475554e-004	4.803502e-011	1.705264e-010
2.472494e-004	7.410658e-010	3.397405e-011
2.469441e-004	7.586878e-010	2.867717e-011
2.466395e-004	5.216527e-011	9.696850e-010
2.463358e-004	6.666123e-011	2.620226e-011
2.460327e-004	8.577666e-010	8.010398e-010
2.457304e-004	5.375134e-011	9.457241e-010
2.454289e-004	7.442147e-011	4.657996e-012
2.451281e-004	8.431311e-010	8.102007e-010
2.448280e-004	8.509472e-010	1.450562e-010
2.445287e-004	6.872070e-011	7.956404e-010
2.442301e-004	7.237758e-010	7.859143e-010
2.439322e-004	1.650331e-009	1.402218e-010
2.436350e-004	6.685685e-011	3.882399e-010
2.433386e-004	1.511421e-009	3.853505e-010
2.430429e-004	6.591816e-011	1.460707e-010
2.427479e-004	1.646266e-009	1.963444e-009
2.424536e-004	6.536816e-011	3.774466e-010
2.421601e-004	1.487312e-009	1.240760e-010
2.418672e-004	1.644167e-009	3.688400e-010
2.415751e-004	1.515548e-009	3.666206e-010
2.412836e-004	2.683476e-011	1.435567e-009
2.409929e-004	6.231737e-011	3.665431e-010
2.407029e-004	6.165701e-011	3.611559e-010
2.404135e-004	6.383172e-011	1.001940e-010
2.401249e-004	1.515384e-009	3.493460e-010
2.398369e-004	6.632250e-011	3.555773e-010
2.395496e-004	1.460685e-009	9.535084e-011
2.392631e-004	6.288420e-011	3.442555e-010
2.389772e-004	6.099088e-011	3.539948e-010
2.386920e-004	6.460332e-011	1.556161e-010
2.384074e-004	6.064982e-011	2.803223e-010
2.381236e-004	1.645420e-009	1.912061e-009
2.378404e-004	6.663881e-011	1.564725e-010
2.375579e-004	5.904488e-011	2.560760e-010
2.372761e-004	5.760925e-011	3.374131e-010
2.369949e-004	5.944789e-011	1.558987e-010
2.367144e-004	6.034984e-011	3.116590e-010
2.364346e-004	6.233536e-011	3.359002e-010
2.361554e-004	1.645693e-009	1.633571e-010
2.358769e-004	5.883605e-011	3.034871e-010
2.355990e-004	6.405410e-011	3.245847e-010
2.353218e-004	6.006329e-011	1.640716e-009
2.350452e-004	6.147804e-011	2.964065e-010
2.347693e-004	6.301260e-011	3.181948e-010
2.344941e-004	1.641040e-009	4.226641e-011
2.342195e-004	5.974987e-011	2.827684e-010
2.339455e-004	1.913034e-010	2.812270e-010
2.336722e-004	5.594469e-011	4.266076e-011
2.333995e-004	5.890888e-011	3.065481e-010
2.331274e-004	1.523434e-009	1.751432e-009
2.328560e-004	6.276779e-011	1.723582e-010
2.325852e-004	6.138279e-011	1.847061e-009
2.323150e-004	5.718193e-011	2.627369e-010
2.320455e-004	6.269318e-011	1.734972e-010
2.317766e-004	9.539836e-011	2.949705e-010
2.315083e-004	9.220102e-011	2.557298e-010
2.312406e-004	1.516048e-009	1.795446e-010
2.309736e-004	5.771961e-011	2.480284e-010
2.307071e-004	2.292565e-010	1.829181e-009
2.304413e-004	6.223300e-011	2.763567e-012
2.301761e-004	2.316702e-010	1.871403e-009
2.299115e-004	1.637833e-009	2.875645e-010
2.296475e-004	5.846423e-011	1.397072e-009
2.293841e-004	1.637005e-009	2.292784e-010
2.291213e-004	6.102585e-011	2.346483e-010
2.288591e-004	5.798373e-011	4.325318e-012
2.285976e-004	1.522218e-009	2.755252e-010
2.283366e-004	6.097367e-011	2.727616e-010
2.280762e-004	6.129175e-011	1.894250e-010
2.278164e-004	5.584322e-011	1.856172e-009
2.275572e-004	5.593237e-011	2.721138e-010
2.272986e-004	5.632983e-011	1.880042e-010
2.270405e-004	2.729910e-010	1.784053e-009
2.267831e-004	5.814071e-011	1.781292e-009
2.265262e-004	5.763512e-011	2.873934e-011
2.262699e-004	5.855272e-011	2.667019e-010
2.260142e-004	5.335588e-011	1.933792e-010
2.257591e-004	1.407569e-009	3.362621e-011
2.255046e-004	1.406018e-009	2.417289e-011
2.252506e-004	1.635964e-009	1.529294e-009
2.249972e-004	5.331546e-011	1.994288e-010
2.247444e-004	2.960652e-010	2.520789e-010
2.244921e-004	3.037848e-010	1.757984e-009
2.242404e-004	5.980627e-011	1.993031e-010
2.239892e-004	1.638965e-009	1.683879e-010
2.237387e-004	5.353662e-011	1.652795e-010
2.234887e-004	3.102769e-010	5.618950e-011
2.232392e-004	5.729817e-011	1.590149e-010
2.229903e-004	1.267657e-009	1.740917e-009
2.227420e-004	2.147602e-010	1.991310e-010
2.224942e-004	5.141032e-011	1.732511e-009
2.222469e-004	5.599898e-011	1.518633e-010
2.220002e-004	5.482925e-011	1.368223e-009
2.217541e-004	1.522812e-009	2.308417e-010
2.215085e-004	5.526613e-011	1.531301e-009
2.212634e-004	3.346016e-010	2.013649e-010
2.210189e-004	5.640188e-011	2.174998e-010
2.207749e-004	5.324774e-011	1.804872e-009
2.205315e-004	1.240025e-009	7.972722e-011
2.202886e-004	5.178680e-011	1.280798e-010
2.200462e-004	3.431088e-010	1.802060e-009
2.198044e-004	5.415635e-011	2.108995e-010
2.195631e-004	1.636177e-009	2.078154e-010
2.193223e-004	5.629364e-011	2.142444e-010
2.190820e-004	5.203671e-011	9.269907e-011
2.188423e-004	5.355272e-011	1.165255e-010
2.186031e-004	1.318614e-009	1.026632e-010
2.183645e-004	2.605403e-010	1.013516e-010
2.181263e-004	4.741774e-011	1.099260e-010
2.178887e-004	1.631103e-009	1.065527e-010
2.176515e-004	4.949630e-011	2.103674e-010
2.174149e-004	5.372547e-011	1.994670e-010
2.171788e-004	4.315892e-011	1.779235e-009
2.169433e-004	1.822817e-009	1.145516e-010
2.167082e-004	5.071887e-011	1.944001e-010
2.164736e-004	4.595024e-011	1.671109e-009
2.162396e-004	5.165779e-011	2.238292e-010
2.160060e-004	2.204745e-010	8.599188e-011
2.157730e-004	1.804845e-009	2.589965e-010
2.155405e-004	3.231823e-010	4.488776e-011
2.153084e-004	5.154388e-011	1.769770e-009
2.150769e-004	4.917156e-011	7.920720e-011
2.148458e-004	5.326395e-011	1.807144e-009
2.146153e-004	4.689482e-011	1.761659e-009
2.143853e-004	5.138501e-011	1.649155e-009
2.141557e-004	5.414669e-011	1.354256e-010
2.139266e-004	1.630774e-009	3.025922e-010
2.136980e-004	1.879494e-010	1.729470e-010
2.134700e-004	1.526644e-009	1.809187e-009
2.132423e-004	5.066891e-011	1.742687e-010
2.130152e-004	5.230893e-011	1.696957e-010
2.127886e-004	4.968970e-011	1.524906e-010
2.125624e-004	1.659780e-010	1.847736e-009
2.123368e-004	5.649281e-011	1.657199e-010
2.121116e-004	1.530805e-009	2.308160e-010
2.118869e-004	1.531754e-009	4.760359e-011
2.116626e-004	5.732537e-011	4.462541e-011
2.114388e-004	1.531375e-009	2.373322e-010
2.112155e-004	5.129286e-011	3.736478e-011
2.109927e-004	1.531863e-009	3.415057e-011
2.107704e-004	1.529235e-009	1.619082e-010
2.105485e-004	1.348881e-010	1.478478e-010
2.103271e-004	2.283924e-010	1.534917e-010
2.101061e-004	4.715106e-011	1.689108e-010
2.098856e-004	1.530409e-009	1.450320e-010
2.096656e-004	2.176730e-010	1.462058e-010
2.094460e-004	1.123301e-010	1.407610e-009
2.092269e-004	5.232614e-011	1.484479e-011
2.090083e-004	2.058603e-010	1.423121e-010
2.087901e-004	1.630079e-009	1.801663e-010
2.085723e-004	4.774980e-011	1.298205e-009
2.083550e-004	4.941769e-011	4.363399e-012
2.081382e-004	9.211787e-011	1.895138e-010
2.079218e-004	4.259759e-011	1.855069e-009
2.077059e-004	1.623768e-009	1.583026e-009
2.074904e-004	4.632161e-011	1.916666e-010
2.072754e-004	4.532896e-011	1.574400e-009
2.070608e-004	4.810496e-011	1.299344e-010
2.068466e-004	1.655031e-009	1.333682e-009
2.066329e-004	6.951328e-011	1.176381e-011
2.064197e-004	7.023548e-011	9.978030e-011
2.062068e-004	6.549372e-011	1.995436e-010
2.059944e-004	4.429579e-011	1.565676e-009
2.057825e-004	5.126066e-011	1.233387e-010
2.055710e-004	5.697098e-011	1.135479e-010
2.053599e-004	1.725388e-009	2.379374e-011
2.051492e-004	1.423343e-010	1.456348e-009
2.049390e-004	1.353883e-010	2.543582e-010
2.047292e-004	3.724732e-011	1.056733e-009
2.045199e-004	2.088504e-009	1.226581e-009
2.043110e-004	1.075444e-009	2.582401e-010
2.041025e-004	1.549096e-009	2.095181e-009
2.038944e-004	5.061676e-010	1.173930e-010
2.036867e-004	1.082889e-009	3.957714e-010
2.034795e-004	1.079538e-009	1.118406e-010
2.032727e-004	1.048315e-010	3.721524e-010
2.030663e-004	2.084931e-009	2.507176e-010
2.028603e-004	1.001565e-010	1.199002e-009
2.026548e-004	1.082016e-009	2.074180e-009
2.024496e-004	1.083185e-009	2.332613e-010
2.022449e-004	8.574252e-011	1.184484e-009
2.020406e-004	4.960991e-010	2.070434e-009
2.018367e-004	1.574019e-009	2.615234e-010
2.016332e-004	1.084291e-009	2.059642e-009
2.014302e-004	2.074774e-009	2.056987e-009
2.012275e-004	4.900833e-010	2.417089e-010
2.010252e-004	7.177325e-011	4.205850e-010
2.008234e-004	4.928377e-010	4.596888e-010
2.006219e-004	6.291589e-011	1.320897e-009
2.004209e-004	1.642188e-009	1.487323e-009
2.002202e-004	2.068354e-009	1.151193e-009
2.000200e-004	1.090931e-009	1.866552e-009
1.998202e-004	4.858792e-010	4.389741e-010
1.996207e-004	4.844999e-010	8.603895e-011
1.994217e-004	4.577694e-011	2.679900e-010
1.992230e-004	4.848167e-010	8.610002e-011
1.990248e-004	3.545175e-011	1.136076e-009
1.988269e-004	1.529114e-009	1.833464e-009
1.986295e-004	3.300060e-011	4.570507e-010
1.984324e-004	4.759548e-010	1.659885e-009
1.982357e-004	2.904621e-011	1.816991e-009
1.980394e-004	2.921807e-011	4.675215e-010
1.978435e-004	1.511235e-009	1.654056e-009
1.976480e-004	1.506779e-009	2.210028e-010
1.974529e-004	4.748775e-010	4.144263e-010
1.972581e-004	1.031708e-011	4.760087e-010
1.970638e-004	1.498437e-009	1.858928e-009
1.968698e-004	3.933298e-012	1.651037e-009
1.966762e-004	8.603906e-011	1.986485e-009
1.964830e-004	1.494726e-009	2.728546e-010
1.962901e-004	9.272161e-011	3.961902e-010
1.960977e-004	4.619277e-010	6.737955e-011
1.959056e-004	4.660669e-010	2.823515e-010
1.957139e-004	1.029340e-010	3.916667e-010
1.955225e-004	4.658373e-010	1.643252e-009
1.953316e-004	1.689412e-009	2.879113e-010
1.951410e-004	1.118820e-009	4.971673e-010
1.949508e-004	4.651958e-010	1.636636e-009
1.947609e-004	4.636965e-010	2.794376e-010
1.945715e-004	1.124258e-009	1.527985e-009
1.943824e-004	4.597988e-010	4.963374e-011
1.941936e-004	4.585016e-010	1.705361e-009
1.940052e-004	1.454759e-009	1.941178e-009
1.938172e-004	4.556900e-010	1.222893e-009
1.936296e-004	1.340686e-010	1.681850e-009
1.934423e-004	1.129372e-009	4.552614e-011
1.932554e-004	4.529505e-010	3.557978e-010
1.930688e-004	1.375678e-010	1.294556e-009
1.928826e-004	1.129172e-009	5.513723e-011
1.926968e-004	2.031084e-009	1.926965e-009
1.925113e-004	1.647669e-009	9.659151e-011
1.923262e-004	4.428720e-010	4.351874e-011
1.921414e-004	1.426985e-009	3.371311e-010
1.919570e-004	7.412781e-011	2.888270e-010
1.917729e-004	1.621653e-010	1.254011e-009
1.915892e-004	1.741487e-009	3.830636e-011
1.914059e-004	1.135548e-009	1.903229e-009
1.912229e-004	8.761580e-011	3.616818e-011
1.910402e-004	4.395790e-010	1.546506e-009
1.908579e-004	4.396066e-010	3.255763e-010
1.906759e-004	4.418222e-010	3.805684e-010
1.904943e-004	9.989209e-011	2.623735e-011
1.903131e-004	1.782777e-010	1.249193e-009
1.901321e-004	4.395418e-010	3.074944e-010
1.899516e-004	4.372515e-010	3.007069e-010
1.897713e-004	1.150237e-009	1.243098e-009
1.895914e-004	2.014897e-009	1.930680e-009
1.894119e-004	1.966454e-010	2.972912e-010
1.892327e-004	4.363475e-010	2.961436e-010
1.890538e-004	4.308849e-010	1.871378e-009
1.888752e-004	1.777802e-009	2.915228e-010
1.886970e-004	4.323055e-010	2.920587e-010
1.885192e-004	1.331641e-010	1.601488e-009
1.883417e-004	4.309707e-010	1.559453e-009
1.881645e-004	1.712221e-009	2.088218e-012
1.879876e-004	2.138033e-010	1.597108e-009
1.878111e-004	4.329682e-010	1.463063e-011
1.876349e-004	1.427977e-010	1.573738e-009
1.874590e-004	1.437909e-009	1.874887e-009
1.872835e-004	1.431809e-009	2.897429e-010
1.871082e-004	4.278760e-010	3.572957e-010
1.869334e-004	2.283295e-010	1.573810e-009
1.867588e-004	1.738167e-009	1.307377e-009
1.865846e-004	1.089968e-010	3.469169e-011
1.864107e-004	1.418783e-009	2.700640e-010
1.862371e-004	4.184197e-010	2.511658e-010
1.860638e-004	2.465852e-010	1.217465e-009
1.858909e-004	1.410705e-009	5.764056e-012
1.857183e-004	4.172325e-010	1.587251e-009
1.855460e-004	1.998254e-009	3.026205e-010
1.853740e-004	4.193803e-010	1.824692e-009
1.852023e-004	1.327021e-009	2.381279e-010
1.850310e-004	4.136481e-010	3.001016e-010
1.848600e-004	1.999752e-009	1.814608e-009
1.846893e-004	2.631246e-010	2.332170e-010
1.845189e-004	1.994280e-009	3.040495e-010
1.843488e-004	1.925435e-010	6.714962e-012
1.841790e-004	1.315010e-009	2.020157e-009
1.840096e-004	4.137680e-010	3.756881e-010
1.838404e-004	2.681741e-010	1.577155e-009
1.836716e-004	4.133525e-010	1.186140e-011
1.835031e-004	1.303932e-009	3.822028e-010
1.833349e-004	4.061675e-010	2.137035e-010
1.831670e-004	1.172824e-009	3.848255e-012
1.829994e-004	2.070814e-010	3.092797e-010
1.828321e-004	1.869624e-009	2.064123e-010
1.826651e-004	2.126144e-010	2.027289e-010
1.824984e-004	1.802518e-009	1.217991e-010
1.823320e-004	1.879029e-009	1.383001e-009
1.821660e-004	4.023244e-010	1.934548e-010
1.820002e-004	1.982563e-009	3.892673e-010
1.818347e-004	3.005276e-010	1.677414e-011
1.816695e-004	1.274570e-009	1.935124e-009
1.815047e-004	1.882836e-009	1.974480e-009
1.813401e-004	1.184326e-009	1.564523e-009
1.811758e-004	2.385159e-010	1.560968e-009
1.810119e-004	1.985664e-009	1.180229e-009
1.808482e-004	1.270996e-009	1.315635e-010
1.806848e-004	1.180495e-009	2.370637e-011
1.805217e-004	1.680341e-010	1.180130e-009
1.803589e-004	1.905640e-009	1.706002e-010
1.801964e-004	2.511182e-010	1.693343e-009
1.800342e-004	1.979127e-009	1.765860e-010
1.798723e-004	3.907303e-010	2.491940e-011
1.797107e-004	1.971601e-009	1.032299e-010
1.795493e-004	3.276166e-010	2.764251e-010
1.793883e-004	3.322282e-010	1.421994e-009
1.792275e-004	3.433587e-010	1.595855e-010
1.790671e-004	2.697854e-010	1.626587e-009
1.789069e-004	3.447310e-010	1.547931e-009
1.787470e-004	1.237337e-009	1.435464e-009
1.785874e-004	2.792427e-010	2.076984e-010
1.784280e-004	2.774301e-010	1.616420e-009
1.782690e-004	2.831064e-010	7.071244e-011
1.781103e-004	1.299864e-009	1.188121e-010
1.779518e-004	3.576324e-010	1.815887e-009
1.777936e-004	3.852884e-010	1.636402e-009
1.776357e-004	1.287190e-009	2.233165e-010
1.774780e-004	3.833872e-010	2.231408e-010
1.773207e-004	3.802521e-010	1.380287e-010
1.771636e-004	2.944992e-010	2.354265e-010
1.770068e-004	3.688411e-010	1.538837e-009
1.768503e-004	3.785786e-010	1.781185e-009
1.766941e-004	1.959869e-009	3.573376e-010
1.765381e-004	1.204699e-009	1.165608e-010
1.763824e-004	1.200558e-009	1.769725e-009
1.762270e-004	3.162484e-010	3.220689e-010
1.760718e-004	3.767319e-010	1.696427e-009
1.759170e-004	3.741674e-010	4.926015e-011
1.757624e-004	3.175024e-010	1.370712e-009
1.756080e-004	1.956305e-009	2.023048e-012
1.754540e-004	1.187434e-009	1.054848e-010
1.753002e-004	1.956185e-009	1.953694e-009
1.751467e-004	3.720546e-010	5.323730e-011
1.749934e-004	3.749608e-010	5.413425e-011
1.748405e-004	1.184555e-009	1.296338e-009
1.746877e-004	3.714217e-010	1.518476e-009
1.745353e-004	3.697069e-010	1.674621e-009
1.743831e-004	4.027898e-010	1.977475e-009
1.742312e-004	1.241268e-009	3.318179e-011
1.740796e-004	1.198472e-009	1.097523e-010
1.739282e-004	3.894739e-010	3.765175e-010
1.737770e-004	1.991352e-009	7.929868e-011
1.736262e-004	1.214693e-009	1.646971e-009
1.734756e-004	3.668739e-010	3.289640e-010
1.733252e-004	4.273942e-010	8.892598e-011
1.731752e-004	1.934112e-009	1.537895e-009
1.730253e-004	3.496780e-010	1.902706e-009
1.728758e-004	3.551471e-010	5.615497e-011
1.727265e-004	4.253931e-010	1.514797e-009
1.725774e-004	3.531838e-010	3.273093e-010
1.724287e-004	2.803513e-009	7.166994e-010
1.722801e-004	3.638541e-010	2.431817e-009
1.721319e-004	3.471085e-010	3.248810e-010
1.719838e-004	3.722777e-010	6.951411e-010
1.718361e-004	3.563941e-010	7.259433e-010
1.716886e-004	3.908512e-010	3.416654e-010
1.715413e-004	3.490833e-010	7.296410e-010
1.713943e-004	4.047183e-010	6.708512e-010
1.712475e-004	3.093733e-010	2.799453e-009
1.711010e-004	3.464788e-009	3.886970e-009
1.709548e-004	2.810572e-009	7.232021e-010
1.708088e-004	3.442564e-009	3.100104e-010
1.706630e-004	3.538937e-010	7.199545e-010
1.705175e-004	3.471938e-010	7.376990e-010
1.703723e-004	4.439318e-010	3.907901e-010
1.702273e-004	3.637970e-010	7.245098e-010
1.700825e-004	2.711393e-009	6.400779e-010
1.699380e-004	3.517719e-009	2.900078e-010
1.697937e-004	3.437081e-010	7.378004e-010
1.696497e-004	2.803164e-009	7.390660e-010
1.695059e-004	3.503049e-010	2.772629e-009
1.693624e-004	3.538192e-010	6.648839e-010
1.692191e-004	3.480505e-010	3.902512e-009
1.690760e-004	2.098376e-010	2.880301e-009
1.689332e-004	2.676314e-009	6.088271e-010
1.687906e-004	2.814635e-009	7.273325e-010
1.686483e-004	3.511258e-009	4.064464e-010
1.685062e-004	4.962070e-010	5.831869e-010
1.683643e-004	3.385935e-010	5.848442e-010
1.682227e-004	2.821102e-009	4.223045e-010
1.680814e-004	5.110155e-010	4.032781e-010
1.679402e-004	3.415978e-010	7.348874e-010
1.677993e-004	1.650168e-010	2.901875e-009
1.676586e-004	3.470912e-010	3.728362e-009
1.675182e-004	2.633654e-009	5.589623e-010
1.673780e-004	3.502859e-009	4.266786e-010
1.672381e-004	3.450465e-010	3.719197e-009
1.670983e-004	3.381351e-010	5.431400e-010
1.669588e-004	3.284192e-010	2.718087e-009
1.668196e-004	3.290448e-009	7.317187e-010
1.666806e-004	2.608600e-009	5.290459e-010
1.665418e-004	3.506648e-009	4.524225e-010
1.664032e-004	1.130401e-010	7.297013e-010
1.662649e-004	3.342906e-010	7.235215e-010
1.661268e-004	1.002498e-010	2.940599e-009
1.659889e-004	2.824976e-009	7.196213e-010
1.658512e-004	3.359927e-010	7.143184e-010
1.657138e-004	3.434223e-010	2.226740e-010
1.655766e-004	7.804146e-011	7.035644e-010
1.654397e-004	3.268824e-010	6.973724e-010
1.653029e-004	3.323855e-010	3.373508e-009
1.651664e-004	3.234906e-009	6.966902e-010
1.650301e-004	3.270696e-010	6.915297e-010
1.648941e-004	2.824156e-009	2.042204e-010
1.647582e-004	3.493121e-009	4.698681e-010
1.646226e-004	2.540187e-009	4.715871e-010
1.644872e-004	3.246742e-010	2.662320e-009
1.643520e-004	3.241307e-010	4.564936e-010
1.642171e-004	3.195533e-009	3.753599e-010
1.640824e-004	3.259604e-010	4.993507e-010
1.639479e-004	3.178941e-009	3.621269e-010
1.638136e-004	6.451474e-010	4.351864e-010
1.636795e-004	3.264370e-010	1.926156e-010
1.635457e-004	7.559398e-012	3.394410e-010
1.634120e-004	3.491679e-009	4.342210e-010
1.632786e-004	3.155270e-009	3.347904e-009
1.631454e-004	2.143830e-011	4.315724e-010
1.630125e-004	3.266118e-010	3.579603e-009
1.628797e-004	2.848208e-009	1.752427e-010
1.627472e-004	3.265457e-010	3.568137e-009
1.626148e-004	3.147768e-010	6.403744e-010
1.624827e-004	3.276225e-010	3.333940e-009
1.623508e-004	3.135837e-010	6.386854e-010
1.622192e-004	4.727196e-011	3.433531e-009
1.620877e-004	3.210947e-010	2.624462e-009
1.619564e-004	6.166445e-011	6.362044e-010
1.618254e-004	6.810502e-010	3.794270e-009
1.616946e-004	3.215271e-010	1.619220e-010
1.615639e-004	6.738551e-010	3.737042e-010
1.614335e-004	3.188131e-010	3.620787e-010
1.613033e-004	3.218333e-010	3.321474e-009
1.611733e-004	3.014143e-010	3.517022e-009
1.610436e-004	3.103749e-010	3.567446e-010
1.609140e-004	6.362452e-010	5.654459e-010
1.607846e-004	3.152806e-010	3.504169e-009
1.606555e-004	2.858691e-009	6.096598e-010
1.605265e-004	3.477784e-009	5.754708e-010
1.603978e-004	6.179123e-010	5.919502e-010
1.602693e-004	3.088670e-010	3.284408e-010
1.601409e-004	3.469971e-009	5.784841e-010
1.600128e-004	3.179855e-010	3.496343e-009
1.598849e-004	3.124347e-010	5.845118e-010
1.597572e-004	2.854576e-009	1.373313e-010
1.596297e-004	3.152518e-010	2.960792e-010
1.595024e-004	3.109332e-010	5.793444e-010
1.593752e-004	2.857154e-009	5.938685e-010
1.592483e-004	3.079168e-010	2.975877e-010
1.591216e-004	3.134814e-010	5.671079e-010
1.589952e-004	2.968942e-010	2.557073e-009
1.588689e-004	3.091872e-010	3.449222e-009
1.587428e-004	2.986910e-009	2.870529e-010
1.586169e-004	2.979429e-009	1.109041e-010
1.584912e-004	3.077226e-010	5.641774e-010
1.583657e-004	1.937498e-010	5.518576e-010
1.582404e-004	3.463679e-009	6.188656e-010
1.581153e-004	3.039875e-010	2.727281e-010
1.579904e-004	3.673057e-009	3.422156e-009
1.578657e-004	5.056195e-010	3.266336e-009
1.577411e-004	3.068613e-010	5.405582e-010
1.576168e-004	4.915824e-010	3.701311e-009
1.574927e-004	3.026429e-010	1.027068e-010
1.573688e-004	3.037223e-010	2.622900e-009
1.572451e-004	2.997558e-010	2.397700e-010
1.571215e-004	4.702114e-010	6.319381e-010
1.569982e-004	2.991252e-010	3.138102e-009
1.568750e-004	2.965870e-010	2.356950e-010
1.567521e-004	3.066082e-010	3.249347e-009
1.566293e-004	2.934483e-010	3.382836e-009
1.565068e-004	3.457350e-009	2.255386e-010
1.563844e-004	3.041614e-010	9.141987e-011
1.562622e-004	2.982622e-010	5.146882e-010
1.561402e-004	2.872723e-009	2.653715e-009
1.560184e-004	2.914510e-010	8.032275e-011
1.558968e-004	2.860883e-010	5.044715e-010
1.557754e-004	3.457181e-009	1.931671e-010
1.556541e-004	2.864126e-009	5.190326e-010
1.555331e-004	2.866006e-009	3.658141e-009
1.554122e-004	2.966162e-010	5.051817e-010
1.552916e-004	2.907354e-010	3.767703e-009
1.551711e-004	2.864019e-009	2.668662e-009
1.550508e-004	3.786467e-010	1.711543e-010
1.549307e-004	2.880619e-010	5.904055e-011
1.548107e-004	2.953998e-010	4.842858e-010
1.546910e-004	2.957742e-010	3.638747e-009
1.545715e-004	3.533475e-010	4.949696e-011
1.544521e-004	3.400219e-010	1.532794e-010
1.543329e-004	3.374806e-010	3.003244e-009
1.542139e-004	3.400673e-010	5.738814e-010
1.540951e-004	3.483063e-010	2.694994e-009
1.539764e-004	2.795312e-009	4.697313e-010
1.538580e-004	2.878723e-009	4.127576e-011
1.537397e-004	2.874113e-009	4.710463e-010
1.536216e-004	2.797365e-009	4.674965e-010
1.535037e-004	3.037889e-010	3.208465e-009
1.533860e-004	2.919491e-010	1.264704e-010
1.532684e-004	2.841416e-010	4.443815e-010
1.531511e-004	3.542641e-009	6.005788e-010
1.530339e-004	2.779180e-010	5.636135e-010
1.529169e-004	2.929523e-010	4.532014e-010
1.528001e-004	3.948147e-010	5.863457e-010
1.526834e-004	2.880144e-009	3.275421e-009
1.525669e-004	2.850927e-010	1.041720e-010
1.524506e-004	4.188311e-010	2.274042e-011
1.523345e-004	4.240586e-010	2.896555e-009
1.522186e-004	4.218338e-010	4.337661e-010
1.521028e-004	2.394105e-010	5.015367e-010
1.519872e-004	2.729223e-009	4.221310e-010
1.518718e-004	2.779648e-010	4.218381e-010
1.517566e-004	3.385142e-009	4.861932e-010
1.516415e-004	2.891618e-010	2.862739e-009
1.515266e-004	4.418137e-010	3.034424e-010
1.514119e-004	2.128425e-010	3.171630e-009
1.512974e-004	2.964711e-009	5.519603e-010
1.511830e-004	4.617253e-010	2.750943e-009
1.510688e-004	4.711138e-010	8.870904e-012
1.509548e-004	1.927254e-010	6.083933e-011
1.508409e-004	2.624543e-010	3.209745e-009
1.507273e-004	2.779458e-010	7.266743e-012
1.506138e-004	2.735135e-010	4.673051e-011
1.505004e-004	4.793096e-010	3.586313e-010
1.503872e-004	3.432149e-009	7.184364e-012
1.502743e-004	2.669455e-010	2.766559e-009
1.501614e-004	3.436693e-009	3.808026e-010
1.500488e-004	1.508181e-010	4.309140e-010
1.499363e-004	5.050663e-010	2.776112e-009
1.498240e-004	3.307486e-009	3.599817e-009
1.497118e-004	3.033627e-009	3.736621e-010
1.495998e-004	3.436206e-009	2.088568e-011
1.494880e-004	2.719592e-010	1.231160e-011
1.493764e-004	2.896198e-009	3.146745e-009
1.492649e-004	5.255296e-010	4.221709e-010
1.491536e-004	2.753723e-010	3.162238e-009
1.490424e-004	2.891107e-009	3.576833e-010
1.489314e-004	5.404637e-010	2.791729e-009
1.488206e-004	8.540646e-011	3.540674e-010
1.487099e-004	2.680397e-010	3.806830e-010
1.485995e-004	2.899047e-009	3.528278e-009
1.484891e-004	3.442390e-009	3.525365e-009
1.483790e-004	2.700926e-010	3.690301e-010
1.482690e-004	5.651100e-010	2.693942e-009
1.481591e-004	3.563510e-009	3.475353e-009
1.480494e-004	5.653435e-010	3.457190e-011
1.479399e-004	5.827751e-010	2.672859e-009
1.478306e-004	5.890488e-011	3.441795e-009
1.477214e-004	2.625360e-010	2.814133e-009
1.476124e-004	2.901554e-009	2.822534e-009
1.475035e-004	3.241218e-011	2.601299e-010
1.473948e-004	3.524625e-011	3.383412e-010
1.472863e-004	3.183481e-009	3.112905e-009
1.471779e-004	3.183923e-009	4.966039e-011
1.470696e-004	3.712858e-009	2.285105e-010
1.469616e-004	2.554307e-010	3.104262e-009
1.468537e-004	3.181234e-009	5.882106e-011
1.467459e-004	2.626275e-010	2.118911e-010
1.466383e-004	2.749296e-010	2.838071e-009
1.465309e-004	2.519479e-010	1.894819e-010
1.464236e-004	3.669345e-009	5.193801e-011
1.463165e-004	5.044215e-010	3.161107e-010
1.462095e-004	5.098565e-010	3.121118e-010
1.461027e-004	4.971390e-010	1.782401e-010
1.459961e-004	3.259015e-011	3.243007e-009
1.458896e-004	4.908928e-010	2.797806e-009
1.457832e-004	4.745508e-010	3.227853e-009
1.456770e-004	2.901998e-009	3.155166e-010
1.455710e-004	3.420345e-009	1.001366e-010
1.454651e-004	2.569353e-010	7.666245e-011
1.453594e-004	3.621286e-009	3.059778e-009
1.452538e-004	2.903844e-009	3.111401e-010
1.451484e-004	2.494544e-009	3.283455e-009
1.450432e-004	6.729133e-010	3.788449e-009
1.449380e-004	3.837100e-009	4.791263e-010
1.448331e-004	2.595498e-010	8.046341e-011
1.447283e-004	4.187610e-009	3.214172e-009
1.446236e-004	2.567565e-010	9.795468e-010
1.445191e-004	6.951776e-010	2.300070e-009
1.444148e-004	7.038682e-010	4.322818e-010
1.443106e-004	2.587305e-010	2.803625e-010
1.442065e-004	2.484069e-010	1.021792e-009
1.441026e-004	7.145409e-010	3.584787e-009
1.439988e-004	7.118202e-010	4.093830e-010
1.438952e-004	2.914500e-009	4.167373e-009
1.437918e-004	2.194656e-009	3.144289e-009
1.436885e-004	7.164246e-010	2.579114e-009
1.435853e-004	2.467974e-010	9.046697e-011
1.434823e-004	4.113860e-009	4.098370e-009
1.433795e-004	4.118220e-009	2.223749e-009
1.432767e-004	9.498465e-010	9.451850e-011
1.431742e-004	7.463358e-010	2.538198e-009
1.430718e-004	3.412469e-009	9.294017e-010
1.429695e-004	2.423164e-009	2.183216e-009
1.428673e-004	4.265599e-010	3.449462e-010
1.427654e-004	3.414121e-009	2.994606e-009
1.426635e-004	9.007638e-010	3.136463e-009
1.425618e-004	2.413285e-009	2.511807e-010
1.424603e-004	2.466907e-010	3.155810e-010
1.423589e-004	7.612723e-010	1.051066e-010
1.422576e-004	7.596154e-010	2.360060e-010
1.421565e-004	7.696339e-010	2.486068e-010
1.420555e-004	2.570554e-010	1.099094e-010
1.419547e-004	2.454004e-010	8.338110e-010
1.418540e-004	8.642139e-010	4.033686e-009
1.417535e-004	2.448370e-010	1.566176e-010
1.416531e-004	2.385014e-009	2.334800e-009
1.415528e-004	8.466613e-010	3.368982e-009
1.414527e-004	8.008352e-010	9.365800e-010
1.413527e-004	7.964229e-010	8.138131e-010
1.412529e-004	2.359281e-009	8.325415e-010
1.411532e-004	3.983821e-009	9.184996e-010
1.410537e-004	2.400982e-010	2.334462e-009
1.409543e-004	2.369586e-010	2.150550e-010
1.408550e-004	3.966538e-009	9.287233e-010
1.407559e-004	2.385286e-010	8.308773e-010
1.406569e-004	2.928973e-009	2.211455e-010
1.405580e-004	8.267906e-010	1.531438e-010
1.404593e-004	8.307467e-010	8.388829e-010
1.403607e-004	3.945882e-009	7.801286e-010
1.402623e-004	2.323871e-009	1.034717e-010
1.401640e-004	2.387549e-010	3.359477e-009
1.400658e-004	3.923602e-009	2.326584e-009
1.399678e-004	8.396019e-010	1.525385e-010
1.398699e-004	3.305226e-009	8.918551e-010
1.397722e-004	2.415457e-009	2.384325e-009
1.396746e-004	7.452891e-010	9.510469e-010
1.395771e-004	2.382274e-010	2.599497e-010
1.394797e-004	7.266420e-010	3.189364e-010
1.393825e-004	2.923984e-009	7.647738e-011
1.392855e-004	8.096890e-011	8.402026e-010
1.391885e-004	2.404351e-010	2.894041e-009
1.390917e-004	8.745301e-010	8.734636e-010
1.389951e-004	2.349544e-010	3.357787e-009
1.388985e-004	3.394878e-009	8.423282e-010
1.388021e-004	2.318550e-010	1.594379e-010
1.387059e-004	4.369062e-010	2.422459e-009
1.386097e-004	2.279219e-009	1.827254e-010
1.385137e-004	6.655365e-010	5.956857e-011
1.384179e-004	2.234666e-010	2.832934e-010
1.383222e-004	9.070217e-010	2.988554e-009
1.382266e-004	6.646139e-010	4.514755e-011
1.381311e-004	6.607234e-010	2.928812e-010
1.380358e-004	3.805849e-009	3.459721e-009
1.379405e-004	2.257303e-009	3.031018e-010
1.378455e-004	2.935510e-009	3.328378e-009
1.377505e-004	4.075759e-009	2.087819e-011
1.376557e-004	2.293458e-010	2.185765e-009
1.375610e-004	6.190182e-010	6.980398e-010
1.374665e-004	3.391382e-009	3.852158e-009
1.373721e-004	9.322123e-010	3.340771e-009
1.372778e-004	4.097126e-009	2.744582e-012
1.371836e-004	2.235354e-009	1.552786e-010
1.370896e-004	5.928468e-010	3.351652e-012
1.369957e-004	2.240083e-010	3.490978e-009
1.369019e-004	5.851637e-010	3.496670e-009
1.368083e-004	2.309513e-010	8.112241e-010
1.367147e-004	4.117490e-009	1.417420e-010
1.366214e-004	2.189744e-010	8.450488e-010
1.365281e-004	1.686077e-010	3.351529e-009
1.364350e-004	9.541182e-010	4.088583e-009
1.363419e-004	2.295304e-010	1.428103e-010
1.362491e-004	2.516995e-009	2.192777e-009
1.361563e-004	4.135059e-009	3.855099e-009
1.360637e-004	9.788256e-010	2.865122e-009
1.359712e-004	2.311101e-010	2.382438e-009
1.358788e-004	3.388703e-009	2.811702e-009
1.357865e-004	2.222404e-010	3.063764e-009
1.356944e-004	2.426509e-010	7.781921e-010
1.356024e-004	2.166293e-010	1.287187e-010
1.355105e-004	9.876172e-010	8.460773e-010
1.354188e-004	5.076470e-010	2.230256e-009
1.353272e-004	3.657154e-009	6.247118e-010
1.352356e-004	2.170593e-010	1.175993e-010
1.351443e-004	3.391742e-009	2.070827e-010
1.350530e-004	2.240458e-010	4.004900e-009
1.349619e-004	4.081701e-009	3.983776e-009
1.348709e-004	4.770971e-010	6.191503e-011
1.347800e-004	4.690681e-010	8.492658e-010
1.346892e-004	3.628123e-009	3.463950e-009
1.345986e-004	4.684839e-010	6.770606e-011
1.345080e-004	3.387621e-010	3.949214e-009
1.344176e-004	2.951325e-009	3.958551e-010
1.343274e-004	8.850097e-010	3.618246e-009
1.342372e-004	2.943218e-009	1.013118e-010
1.341472e-004	3.386286e-009	9.895273e-011
1.340572e-004	8.701805e-010	4.337314e-010
1.339674e-004	4.023583e-009	1.972623e-010
1.338778e-004	4.020685e-009	9.885770e-011
1.337882e-004	2.195844e-010	3.886836e-009
1.336988e-004	2.750888e-009	4.052207e-010
1.336095e-004	8.392917e-010	2.941951e-009
1.335203e-004	4.009113e-009	7.151993e-010
1.334312e-004	3.987934e-010	2.417183e-009
1.333422e-004	2.125933e-010	2.744334e-009
1.332534e-004	3.550398e-009	3.999247e-009
1.331647e-004	2.241068e-010	5.128492e-010
1.330761e-004	3.387742e-009	5.159758e-010
1.329876e-004	2.167143e-010	2.259767e-010
1.328992e-004	3.967694e-009	2.690476e-010
1.328109e-004	3.958033e-009	8.048029e-011
1.327228e-004	2.072874e-010	6.966996e-010
1.326348e-004	3.475673e-010	4.399755e-010
1.325469e-004	2.197309e-010	3.607067e-009
1.324591e-004	9.138754e-010	3.852338e-009
1.323714e-004	3.402129e-010	8.141980e-010
1.322839e-004	3.495609e-009	8.529298e-010
1.321964e-004	3.351642e-010	5.237895e-010
1.321091e-004	7.429554e-010	3.644375e-009
1.320219e-004	7.401162e-010	4.698858e-010
1.319348e-004	2.127728e-010	2.801279e-010
1.318478e-004	3.133088e-010	6.884326e-011
1.317610e-004	2.182073e-010	3.224314e-009
1.316742e-004	3.026914e-010	3.565419e-010
1.315876e-004	8.156531e-010	3.120710e-009
1.315011e-004	6.014760e-010	3.593443e-010
1.314147e-004	2.951654e-009	2.498599e-009
1.313284e-004	2.881095e-009	8.925118e-010
1.312422e-004	7.116558e-010	2.693717e-009
1.311561e-004	2.795753e-010	2.426535e-009
1.310702e-004	2.471318e-009	3.698385e-009
1.309843e-004	3.840019e-009	3.205491e-009
1.308986e-004	2.897393e-009	2.548283e-009
1.308130e-004	7.326715e-010	3.641008e-009
1.307275e-004	6.734268e-010	3.587274e-009
1.306421e-004	3.416466e-009	1.883814e-010
1.305568e-004	2.452523e-009	3.007428e-011
1.304717e-004	6.524489e-010	2.742833e-009
1.303866e-004	7.089217e-010	2.436878e-009
1.303016e-004	6.771186e-010	8.481081e-010
1.302168e-004	2.937757e-009	8.611981e-010
1.301321e-004	2.936898e-009	6.581705e-010
1.300475e-004	3.380444e-009	8.210639e-010
1.299630e-004	2.941998e-009	3.975056e-009
1.298786e-004	2.960908e-009	6.962564e-010
1.297943e-004	2.052998e-010	3.671074e-009
1.297101e-004	2.957967e-009	3.952576e-009
1.296260e-004	2.011787e-010	6.164996e-010
1.295421e-004	3.748474e-009	5.148721e-010
1.294582e-004	2.031066e-010	2.645484e-009
1.293745e-004	1.841396e-010	3.779006e-009
1.292908e-004	5.585983e-010	7.456026e-010
1.292073e-004	3.756740e-009	5.166781e-010
1.291239e-004	1.708607e-010	3.683630e-010
1.290406e-004	2.958584e-009	1.509876e-011
1.289574e-004	1.601623e-010	3.882754e-009
1.288743e-004	1.614238e-010	2.521180e-009
1.287913e-004	2.065509e-010	3.674657e-009
1.287084e-004	2.613889e-009	5.148437e-012
1.286256e-004	8.612967e-010	5.950113e-010
1.285430e-004	3.017684e-009	2.971016e-009
1.284604e-004	5.482482e-010	3.312450e-009
1.283779e-004	2.083064e-010	2.525307e-010
1.282956e-004	2.072209e-010	3.243688e-010
1.282133e-004	2.006467e-010	8.741050e-010
1.281312e-004	3.683763e-009	3.725875e-011
1.280492e-004	3.676835e-009	3.243183e-012
1.279672e-004	2.335724e-009	6.183714e-010
1.278854e-004	5.086001e-010	3.458904e-009
1.278037e-004	5.027238e-010	5.705634e-010
1.277221e-004	3.661396e-009	1.295875e-011
1.276406e-004	3.068826e-009	2.781853e-010
1.275592e-004	4.848515e-010	5.779152e-010
1.274779e-004	8.910128e-011	5.627532e-010
1.273966e-004	1.874331e-010	2.809021e-010
1.273156e-004	3.244424e-009	3.451294e-009
1.272346e-004	3.074834e-009	2.865154e-009
1.271537e-004	7.055245e-011	8.413599e-010
1.270729e-004	2.964095e-009	1.512829e-011
1.269922e-004	6.623402e-011	5.428984e-010
1.269116e-004	3.619492e-009	3.097765e-010
1.268311e-004	2.970395e-009	3.996130e-009
1.267507e-004	1.993437e-010	3.432983e-009
1.266705e-004	1.910875e-010	3.055567e-010
1.265903e-004	3.443061e-009	3.497223e-010
1.265102e-004	3.452949e-011	5.802129e-010
1.264302e-004	2.959264e-009	7.653819e-010
1.263504e-004	4.184715e-010	2.567467e-010
1.262706e-004	3.583366e-009	6.548891e-010
1.261909e-004	3.352103e-009	3.697245e-009
1.261114e-004	3.355089e-009	3.412577e-009
1.260319e-004	2.762015e-009	2.996948e-009
1.259525e-004	2.555872e-009	3.050933e-009
1.258732e-004	3.356337e-009	8.039952e-010
1.257941e-004	1.082767e-011	4.305128e-010
1.257150e-004	2.978733e-009	3.278164e-010
1.256360e-004	3.153804e-009	4.186143e-010
1.255572e-004	3.829029e-010	2.369943e-009
1.254784e-004	1.173306e-011	3.342878e-010
1.253997e-004	2.969799e-009	3.960526e-011
1.253211e-004	1.500755e-011	6.210699e-010
1.252427e-004	3.579848e-010	3.661468e-009
1.251643e-004	2.808882e-009	3.367196e-009
1.250860e-004	1.864545e-010	2.155670e-010
1.250078e-004	3.354383e-009	4.793150e-010
1.249297e-004	1.829602e-010	2.681849e-009
1.248517e-004	3.118943e-009	4.873172e-010
1.247738e-004	3.068442e-009	2.072542e-010
1.246961e-004	2.709092e-009	3.906026e-009
1.246184e-004	3.241599e-009	6.296397e-010
1.245408e-004	5.378575e-011	3.650332e-010
1.244633e-004	3.596506e-009	7.293599e-011
1.243858e-004	3.472973e-009	7.631715e-010
1.243085e-004	6.602607e-011	2.827750e-009
1.242313e-004	3.032178e-010	6.342582e-011
1.241542e-004	3.344679e-009	1.804680e-010
1.240772e-004	3.359726e-009	4.412098e-010
1.240002e-004	2.874596e-010	3.948294e-009
1.239234e-004	3.262075e-009	3.329972e-009
1.238467e-004	1.851476e-010	3.639098e-009
1.237700e-004	3.267281e-009	6.521799e-010
1.236935e-004	1.849181e-010	7.361985e-010
1.236170e-004	3.267904e-009	3.857418e-010
1.235407e-004	3.371100e-010	3.324422e-009
1.234644e-004	3.351954e-009	2.579363e-009
1.233882e-004	3.203034e-009	4.100087e-010
1.233122e-004	5.359402e-011	2.947586e-009
1.232362e-004	2.977094e-009	3.177085e-009
1.231603e-004	3.284922e-009	4.603606e-010
1.230845e-004	3.454990e-009	2.386946e-009
1.230088e-004	9.503676e-011	2.215556e-010
1.229332e-004	3.431798e-009	5.004734e-010
1.228577e-004	3.059704e-009	6.282207e-010
1.227822e-004	2.552619e-010	7.602943e-010
1.227069e-004	1.574242e-010	3.571376e-009
1.226317e-004	3.314058e-009	6.787781e-011
1.225565e-004	2.099785e-010	7.373916e-010
1.224815e-004	1.448822e-010	3.969226e-010
1.224065e-004	3.361296e-009	1.168597e-010
1.223316e-004	1.946184e-010	9.545853e-011
1.222569e-004	3.325373e-009	3.734330e-010
1.221822e-004	1.886007e-010	6.839859e-010
1.221076e-004	2.980269e-009	3.067349e-009
1.220331e-004	1.775856e-010	4.301284e-010
1.219587e-004	1.759750e-010	8.926582e-010
1.218843e-004	6.145440e-009	6.737284e-010
1.218101e-004	6.510405e-009	1.137126e-009
1.217360e-004	1.769378e-010	8.186218e-011
1.216619e-004	1.957527e-010	6.982908e-009
1.215879e-004	1.825901e-010	7.509620e-009
1.215141e-004	6.138737e-009	1.442492e-009
1.214403e-004	1.822322e-010	1.428067e-009
1.213666e-004	1.758265e-010	1.156794e-009
1.212930e-004	1.917601e-010	6.383298e-010
1.212195e-004	6.044980e-009	6.378691e-009
1.211460e-004	1.969934e-010	5.217913e-009
1.210727e-004	1.538301e-010	7.026328e-010
1.209995e-004	1.843230e-010	8.384708e-010
1.209263e-004	1.743846e-010	4.502613e-010
1.208532e-004	4.508405e-011	1.362685e-009
1.207802e-004	1.747139e-010	7.138612e-009
1.207073e-004	1.660868e-010	3.196212e-010
1.206345e-004	1.835899e-010	3.905831e-011
1.205618e-004	2.556805e-011	2.030327e-010
1.204892e-004	1.868606e-010	2.925505e-010
1.204166e-004	1.797331e-010	8.023191e-010
1.203442e-004	1.897171e-010	1.498537e-009
1.202718e-004	1.692265e-010	4.562215e-010
1.201995e-004	1.848990e-010	9.830697e-010
1.201273e-004	6.134362e-009	6.865588e-009
1.200552e-004	6.142719e-009	1.038958e-009
1.199832e-004	4.464851e-011	6.343524e-009
1.199113e-004	1.633085e-010	7.384724e-010
1.198394e-004	3.935587e-010	1.242945e-009
1.197677e-004	1.594972e-010	1.501116e-009
1.196960e-004	1.798423e-010	1.272483e-009
1.196244e-004	7.916590e-011	1.011120e-009
1.195529e-004	6.145407e-009	7.434373e-010
1.194815e-004	1.567246e-010	2.793565e-010
1.194101e-004	1.731331e-010	1.280180e-009
1.193389e-004	6.157054e-009	4.868309e-010
1.192677e-004	6.148877e-009	1.045585e-009
1.191966e-004	4.585142e-010	6.535911e-009
1.191256e-004	1.715726e-010	7.834817e-009
1.190547e-004	6.501156e-009	4.224011e-010
1.189839e-004	1.805661e-010	5.780991e-009
1.189131e-004	5.829290e-009	2.392297e-011
1.188425e-004	1.759064e-010	3.107214e-010
1.187719e-004	1.661057e-010	5.759294e-009
1.187014e-004	6.162818e-009	1.071709e-009
1.186310e-004	1.861842e-010	1.468856e-009
1.185607e-004	1.718309e-010	5.132156e-010
1.184904e-004	6.154842e-009	1.092293e-009
1.184203e-004	6.488748e-009	7.906443e-010
1.183502e-004	1.587129e-010	1.340459e-009
1.182802e-004	1.797944e-010	4.480383e-011
1.182103e-004	5.760788e-009	7.095663e-009
1.181405e-004	2.349938e-010	1.281011e-009
1.180707e-004	1.735463e-010	1.425361e-009
1.180011e-004	6.174272e-009	1.116512e-009
1.179315e-004	6.020427e-010	5.053037e-009
1.178620e-004	6.493396e-009	7.788862e-010
1.177926e-004	6.492707e-009	5.821721e-011
1.177232e-004	1.819999e-010	9.194705e-010
1.176540e-004	1.691396e-010	6.669369e-009
1.175848e-004	6.163935e-009	1.132722e-009
1.175157e-004	1.555978e-010	9.096079e-011
1.174467e-004	1.658631e-010	9.163126e-010
1.173778e-004	6.158709e-009	1.160209e-009
1.173089e-004	6.150889e-009	6.477003e-010
1.172402e-004	1.583664e-010	7.177892e-011
1.171715e-004	6.528070e-010	5.903706e-009
1.171029e-004	1.716604e-010	5.662347e-009
1.170343e-004	1.575307e-010	6.513289e-010
1.169659e-004	1.535113e-010	1.376387e-009
1.168975e-004	6.959390e-010	5.632342e-010
1.168293e-004	6.820643e-010	6.423151e-009
1.167610e-004	3.750686e-010	2.850946e-010
1.166929e-004	7.100338e-010	8.666418e-010
1.166249e-004	1.584168e-010	9.619405e-011
1.165569e-004	1.571474e-010	8.241111e-010
1.164890e-004	1.701648e-010	7.357289e-010
1.164212e-004	6.488609e-009	9.795796e-010
1.163535e-004	1.467331e-010	1.344312e-009
1.162858e-004	1.457025e-010	1.306803e-009
1.162183e-004	1.758789e-010	6.540278e-009
1.161508e-004	7.589107e-010	7.070188e-010
1.160833e-004	1.615065e-010	1.425136e-009
1.160160e-004	1.668661e-010	2.184128e-010
1.159488e-004	7.612363e-010	6.000639e-010
1.158816e-004	1.699354e-010	6.940328e-009
1.158145e-004	6.159246e-009	9.108384e-010
1.157474e-004	4.715639e-010	1.207488e-009
1.156805e-004	1.647196e-010	1.032496e-010
1.156136e-004	1.657989e-010	6.201167e-009
1.155468e-004	1.556488e-010	5.373791e-010
1.154801e-004	8.263263e-010	1.099361e-010
1.154135e-004	1.651034e-010	5.646116e-010
1.153469e-004	1.703305e-010	1.261368e-009
1.152804e-004	6.476358e-009	5.033629e-009
1.152140e-004	6.488286e-009	5.693576e-010
1.151477e-004	1.617009e-010	6.490912e-009
1.150814e-004	5.484221e-010	6.951047e-009
1.150152e-004	1.544688e-010	1.468512e-010
1.149491e-004	1.519366e-010	1.320584e-010
1.148831e-004	1.557104e-010	1.318425e-009
1.148172e-004	5.440772e-009	4.979959e-010
1.147513e-004	5.747579e-009	1.244075e-009
1.146855e-004	1.584343e-010	5.830881e-010
1.146197e-004	1.755074e-010	1.100626e-010
1.145541e-004	6.167227e-009	1.732804e-010
1.144885e-004	9.136815e-010	7.581930e-010
1.144230e-004	1.533462e-010	6.411925e-009
1.143576e-004	6.074224e-010	1.296560e-009
1.142922e-004	1.792302e-010	7.694771e-009
1.142270e-004	5.702963e-009	7.699937e-010
1.141618e-004	1.727967e-010	6.841804e-009
1.140966e-004	1.705630e-010	3.485567e-011
1.140316e-004	6.580727e-010	6.962046e-009
1.139666e-004	1.513826e-010	6.305609e-010
1.139017e-004	6.568348e-010	5.473067e-009
1.138369e-004	1.665603e-010	1.323696e-009
1.137721e-004	6.612229e-010	7.314085e-010
1.137074e-004	1.625057e-010	6.575116e-010
1.136428e-004	6.467229e-009	4.728695e-010
1.135783e-004	6.975880e-010	8.823925e-010
1.135138e-004	7.041944e-010	7.041754e-009
1.134494e-004	1.586175e-010	2.128776e-010
1.133851e-004	1.505397e-010	8.835458e-010
1.133209e-004	1.640064e-010	1.335938e-009
1.132567e-004	6.485214e-009	1.158948e-009
1.131926e-004	6.165857e-009	6.794570e-010
1.131286e-004	1.473224e-010	4.457049e-010
1.130646e-004	6.171668e-009	6.324286e-009
1.130007e-004	6.157400e-009	1.939934e-010
1.129369e-004	1.528794e-010	6.886959e-010
1.128732e-004	7.481304e-010	6.310242e-009
1.128095e-004	1.685951e-010	4.430620e-010
1.127459e-004	1.420631e-010	5.647240e-009
1.126824e-004	1.519221e-010	6.959076e-009
1.126190e-004	1.534251e-010	4.438859e-010
1.125556e-004	7.983385e-010	9.474197e-010
1.124923e-004	5.511302e-009	7.348816e-009
1.124290e-004	1.108277e-009	5.131390e-009
1.123659e-004	5.217313e-009	6.326741e-009
1.123028e-004	6.166504e-009	1.291900e-009
1.122397e-004	5.186672e-009	5.234457e-009
1.121768e-004	1.381165e-010	3.033274e-010
1.121139e-004	1.446416e-010	4.252027e-010
1.120511e-004	1.566481e-010	9.192230e-010
1.119884e-004	1.362892e-010	7.348886e-009
1.119257e-004	1.524310e-010	6.583110e-009
1.118631e-004	1.524477e-010	9.278786e-010
1.118005e-004	6.489673e-009	7.631939e-009
1.117381e-004	1.594991e-010	5.684523e-010
1.116757e-004	1.708704e-010	6.364112e-009
1.116134e-004	1.355409e-010	1.280394e-009
1.115511e-004	6.183321e-009	9.982115e-011
1.114889e-004	6.475072e-009	7.733513e-010
1.114268e-004	1.551936e-010	9.678620e-010
1.113648e-004	1.536479e-010	9.389666e-010
1.113028e-004	9.074199e-010	3.750584e-010
1.112409e-004	6.478883e-009	7.228204e-010
1.111791e-004	1.571360e-010	1.027117e-009
1.111173e-004	1.488921e-010	1.156933e-009
1.110556e-004	1.542778e-010	1.021350e-009
1.109940e-004	9.484986e-010	7.034469e-009
1.109324e-004	1.642148e-010	6.617836e-009
1.108709e-004	6.164364e-009	5.001011e-011
1.108095e-004	6.173896e-009	1.119596e-009
1.107481e-004	6.172051e-009	1.025033e-009
1.106868e-004	1.267189e-009	7.262428e-010
1.106256e-004	1.447905e-010	5.542207e-009
1.105644e-004	1.665345e-010	9.424461e-010
1.105033e-004	6.481061e-009	5.665531e-010
1.104423e-004	1.719030e-010	3.209571e-010
1.103814e-004	7.602406e-009	1.991769e-010
1.103205e-004	6.456601e-009	1.202084e-009
1.102597e-004	1.026214e-009	9.771195e-010
1.101989e-004	7.567759e-009	9.820393e-010
1.101382e-004	1.449897e-010	1.194815e-009
1.100776e-004	1.025900e-009	6.560138e-009
1.100171e-004	1.486153e-010	3.002547e-010
1.099566e-004	1.394632e-010	5.483778e-009
1.098961e-004	6.477427e-009	9.549918e-010
1.098358e-004	1.450139e-010	3.283818e-010
1.097755e-004	1.197777e-009	7.568859e-010
1.097153e-004	5.254697e-009	9.511466e-010
1.096551e-004	6.176499e-009	7.343429e-009
1.095950e-004	6.471716e-009	7.526393e-009
1.095350e-004	1.465708e-010	3.413265e-010
1.094751e-004	1.327058e-010	9.864614e-010
1.094152e-004	1.460667e-010	6.195289e-009
1.093554e-004	1.130027e-009	2.890783e-010
1.092956e-004	1.446575e-010	3.389200e-010
1.092359e-004	7.456372e-009	7.573735e-010
1.091763e-004	1.518039e-010	2.792059e-010
1.091167e-004	5.191251e-009	5.347290e-009
1.090572e-004	1.406604e-010	7.088286e-009
1.089978e-004	1.355795e-010	5.398112e-009
1.089384e-004	1.403639e-010	6.021459e-009
1.088791e-004	1.144594e-009	6.456029e-009
1.088198e-004	1.534824e-010	7.227466e-009
1.087607e-004	6.469547e-009	4.011237e-010
1.087016e-004	1.056445e-009	1.960141e-010
1.086425e-004	6.182633e-009	9.911113e-010
1.085835e-004	1.170294e-009	9.612485e-010
1.085246e-004	1.039704e-009	5.855125e-009
1.084658e-004	6.460924e-009	3.507208e-010
1.084070e-004	5.128668e-009	9.082450e-010
1.083482e-004	6.174931e-009	7.843924e-010
1.082896e-004	1.561909e-010	7.187502e-009
1.082310e-004	1.471789e-010	8.905247e-010
1.081724e-004	1.472212e-010	1.726111e-010
1.081140e-004	1.566183e-010	9.777068e-010
1.080555e-004	6.460768e-009	5.950103e-009
1.079972e-004	1.410272e-010	1.661368e-010
1.079389e-004	9.406033e-010	2.207174e-010
1.078807e-004	1.449414e-010	8.533704e-010
1.078225e-004	1.513234e-010	8.025594e-010
1.077644e-004	6.183641e-009	8.343404e-010
1.077064e-004	1.546492e-010	1.011603e-009
1.076484e-004	1.453417e-010	6.426046e-010
1.075905e-004	9.046961e-010	6.970254e-009
1.075327e-004	1.176885e-009	5.306727e-009
1.074749e-004	7.220788e-009	1.021762e-009
1.074172e-004	1.386194e-010	8.189599e-010
1.073595e-004	7.189945e-009	8.240399e-010
1.073019e-004	1.143458e-009	2.281703e-011
1.072444e-004	6.460892e-009	1.006314e-009
1.071869e-004	1.146600e-009	4.147005e-010
1.071295e-004	7.168623e-009	4.146341e-010
1.070721e-004	7.166342e-009	7.342582e-009
1.070148e-004	6.481286e-009	7.104219e-009
1.069576e-004	1.106878e-009	6.363277e-010
1.069004e-004	6.173115e-009	8.016098e-010
1.068433e-004	1.325032e-010	1.137012e-009
1.067863e-004	1.347001e-010	2.063318e-010
1.067293e-004	1.520467e-010	4.875768e-010
1.066724e-004	1.415787e-010	1.061676e-009
1.066155e-004	1.058780e-009	1.141806e-009
1.065587e-004	1.516579e-010	7.041670e-009
1.065019e-004	1.367881e-010	5.583077e-009
1.064453e-004	1.308825e-010	6.888691e-010
1.063886e-004	6.466664e-009	6.998256e-010
1.063321e-004	1.000660e-009	3.689943e-010
1.062756e-004	1.298505e-010	3.701618e-010
1.062191e-004	7.338410e-009	1.109384e-009
1.061627e-004	7.215940e-010	1.039887e-009
1.061064e-004	9.880055e-010	1.040045e-010
1.060502e-004	6.473798e-009	7.093540e-009
1.059940e-004	6.450393e-009	7.434660e-010
1.059378e-004	1.399485e-010	6.205995e-009
1.058817e-004	6.474626e-009	2.352467e-010
1.058257e-004	9.421181e-010	6.678796e-009
1.057697e-004	1.242829e-010	6.788150e-009
1.057138e-004	9.210137e-010	5.426254e-010
1.056580e-004	6.469795e-009	6.466229e-009
1.056022e-004	6.349019e-010	8.398404e-011
1.055465e-004	1.307192e-010	7.179437e-010
1.054908e-004	8.978550e-010	6.962387e-009
1.054352e-004	1.344593e-010	2.553949e-010
1.053796e-004	6.089411e-010	4.758827e-010
1.053241e-004	8.877039e-010	4.822032e-010
1.052687e-004	6.204685e-009	4.599769e-010
1.052133e-004	6.188455e-009	6.157032e-010
1.051580e-004	1.323306e-010	6.650680e-012
1.051027e-004	6.455011e-009	5.543789e-009
1.050475e-004	8.345251e-010	5.894324e-010
1.049924e-004	1.350199e-010	1.053819e-009
1.049373e-004	1.385501e-010	3.852951e-010
1.048823e-004	1.259436e-010	1.153449e-009
1.048273e-004	1.251929e-010	1.051354e-009
1.047724e-004	6.456394e-009	2.178844e-010
1.047175e-004	7.838984e-010	2.546763e-011
1.046627e-004	6.454565e-009	7.009049e-009
1.046080e-004	5.809142e-009	8.251312e-010
1.045533e-004	1.411841e-010	1.095879e-009
1.044987e-004	6.180868e-009	1.112337e-009
1.044441e-004	7.083097e-009	6.670627e-009
1.043896e-004	6.463260e-009	5.260409e-009
1.043351e-004	1.434072e-010	7.646717e-011
1.042807e-004	7.291769e-010	6.107459e-009
1.042264e-004	4.623697e-010	6.247779e-009
1.041721e-004	1.313711e-010	6.241995e-009
1.041179e-004	1.365333e-010	3.073963e-010
1.040637e-004	6.762970e-009	5.063854e-010
1.040096e-004	1.380436e-010	4.997278e-010
1.039555e-004	1.343560e-010	5.451033e-009
1.039015e-004	4.149266e-010	4.848647e-010
1.038476e-004	1.299155e-010	6.420508e-009
1.037937e-004	6.200182e-009	8.767163e-010
1.037398e-004	6.198611e-009	5.196843e-011
1.036860e-004	6.407245e-010	6.810322e-010
1.036323e-004	3.841933e-010	6.578979e-009
1.035786e-004	1.264646e-010	5.802355e-009
1.035250e-004	6.179345e-009	5.881292e-010
1.034715e-004	1.239812e-010	7.114939e-009
1.034180e-004	6.440470e-009	1.092614e-009
1.033645e-004	1.316539e-010	5.709313e-009
1.033111e-004	5.985834e-009	1.007998e-009
1.032578e-004	5.951037e-010	6.971577e-010
1.032045e-004	6.911140e-009	9.733485e-010
1.031513e-004	6.895563e-009	2.338130e-010
1.030981e-004	1.364553e-010	7.028049e-010
1.030450e-004	1.165688e-010	3.692158e-011
1.029919e-004	6.445344e-009	9.180187e-010
1.029389e-004	5.616526e-010	6.480805e-009
1.028860e-004	5.511090e-010	1.989464e-011
1.028331e-004	1.386415e-010	7.646860e-010
1.027802e-004	5.343654e-010	5.425812e-009
1.027274e-004	6.841630e-009	9.336820e-010
1.026747e-004	6.205827e-009	2.925971e-011
1.026220e-004	1.197420e-010	3.956682e-010
1.025694e-004	8.421348e-009	1.911131e-010
1.025168e-004	4.784310e-010	1.297534e-009
1.024643e-004	4.606405e-009	4.112489e-009
1.024118e-004	1.250108e-010	1.119247e-009
1.023594e-004	2.104879e-009	1.643004e-010
1.023070e-004	8.411737e-009	9.115000e-010
1.022547e-004	1.281759e-010	7.672166e-010
1.022025e-004	1.199965e-010	1.481169e-009
1.021503e-004	6.776053e-009	1.982509e-009
1.020981e-004	4.234210e-009	5.786916e-009
1.020460e-004	1.774449e-009	6.736933e-009
1.019940e-004	4.280099e-009	7.709060e-009
1.019420e-004	2.063203e-009	1.043080e-009
1.018901e-004	2.077359e-009	2.040343e-009
1.018382e-004	6.194432e-009	1.067346e-009
1.017864e-004	4.265752e-009	8.515203e-009
1.017346e-004	2.075409e-009	1.245357e-009
1.016829e-004	2.064753e-009	6.055883e-009
1.016312e-004	1.450340e-010	2.158393e-009
1.015796e-004	1.095852e-010	6.737748e-009
1.015280e-004	1.062950e-010	4.960372e-009
1.014765e-004	2.063585e-009	8.279692e-010
1.014250e-004	1.335019e-010	6.151803e-009
1.013736e-004	1.199686e-010	2.822609e-011
1.013223e-004	4.284106e-009	5.070221e-010
1.012710e-004	3.375860e-010	7.343230e-009
1.012197e-004	4.473634e-009	4.668222e-010
1.011685e-004	1.863582e-009	7.152717e-009
1.011173e-004	6.021454e-009	1.375997e-010
1.010662e-004	2.045884e-009	4.929797e-009
1.010152e-004	1.203814e-010	1.013446e-009
1.009642e-004	1.311656e-010	6.611195e-010
1.009133e-004	2.026384e-009	6.973858e-009
1.008624e-004	4.290948e-009	1.696626e-009
1.008115e-004	6.447819e-009	6.506004e-010
1.007607e-004	1.891748e-009	1.278728e-009
1.007100e-004	1.279588e-011	4.919048e-009
1.006593e-004	6.575836e-009	8.455859e-009
1.006087e-004	6.437921e-009	8.821568e-010
1.005581e-004	1.144587e-010	6.835010e-011
1.005076e-004	8.356524e-009	7.519246e-009
1.004571e-004	4.318904e-009	4.610782e-010
1.004066e-004	1.933101e-009	8.178225e-011
1.003563e-004	1.258357e-010	4.791001e-009
1.003059e-004	1.981044e-010	1.353970e-009
1.002557e-004	1.999602e-009	5.713017e-009
1.002054e-004	4.397664e-009	4.446148e-010
1.001552e-004	1.128854e-010	2.031702e-009
1.001051e-004	2.008643e-009	1.702995e-009
1.000550e-004	1.999388e-009	1.032068e-009
1.000050e-004	4.289837e-009	2.032130e-009
