0.0384615
0.039984
0.0415973
0.0433088
0.0451264
0.0470588
0.0491159
0.0513084
0.0536481
0.0561482
0.0588235
0.0616903
0.0647668
0.0680735
0.0716332
0.0754717
0.0796178
0.0841043
0.088968
0.0942507
0.1
0.10627
0.113122
0.120627
0.128866
0.137931
0.147929
0.158983
0.171233
0.184843
0.2
0.21692
0.235849
0.257069
0.280899
0.307692
0.337838
0.371747
0.409836
0.452489
0.5
0.552486
0.609756
0.671141
0.735294
0.8
0.862069
0.917431
0.961538
0.990099
1
0.990099
0.961538
0.917431
0.862069
0.8
0.735294
0.671141
0.609756
0.552486
0.5
0.452489
0.409836
0.371747
0.337838
0.307692
0.280899
0.257069
0.235849
0.21692
0.2
0.184843
0.171233
0.158983
0.147929
0.137931
0.128866
0.120627
0.113122
0.10627
0.1
0.0942507
0.088968
0.0841043
0.0796178
0.0754717
0.0716332
0.0680735
0.0647668
0.0616903
0.0588235
0.0561482
0.0536481
0.0513084
0.0491159
0.0470588
0.0451264
0.0433088
0.0415973
0.039984
0.0384615
