-0.0656575
0.0212804
0.0837774
0.125536
0.149944
0.160089
0.158774
0.14853
0.131631
0.11011
0.0857656
0.060183
0.0347415
0.0106284
-0.0111487
-0.0297502
-0.0444934
-0.0548412
-0.060391
-0.0608646
-0.0560979
-0.0460307
-0.0306977
-0.0102185
0.0152104
0.0453251
0.0798022
0.118267
0.1603
0.205447
0.253224
0.303123
0.354622
0.407187
0.460281
0.513368
0.565919
0.617415
0.667354
0.715254
0.760656
0.80313
0.842277
0.87773
0.90916
0.936278
0.958834
0.976622
0.98948
0.997291
0.999983
0.997533
0.989963
0.977342
0.959784
0.93745
0.910544
0.879313
0.844046
0.80507
0.76275
0.717483
0.669698
0.619852
0.568428
0.515925
0.462862
0.409767
0.357177
0.305628
0.255655
0.207779
0.162509
0.120329
0.0816971
0.0470322
0.0167112
-0.00894048
-0.0296563
-0.0452372
-0.0555603
-0.0605874
-0.0603749
-0.0550825
-0.0449838
-0.0304761
-0.0120911
0.00949453
0.0334477
0.0587679
0.084275
0.108597
0.13016
0.14717
0.157607
0.159206
0.149446
0.125536
0.0844004
0.0226629
-0.0633655
