0.0384615
0.258794
0.423276
0.539514
0.614503
0.654644
0.665784
0.653231
0.621794
0.575798
0.519117
0.455195
0.387075
0.317416
0.248524
0.18237
0.120612
0.064618
0.0154882
-0.025928
-0.0590103
-0.0833488
-0.0987256
-0.105097
-0.102576
-0.0914157
-0.0719942
-0.0447976
-0.0104062
0.0305201
0.0772552
0.12902
0.184994
0.24433
0.30616
0.369612
0.433814
0.497908
0.561058
0.622455
0.681328
0.736949
0.788642
0.835784
0.877816
0.914242
0.944637
0.968648
0.985999
0.99649
1
0.99649
0.985999
0.968648
0.944637
0.914242
0.877816
0.835784
0.788642
0.736949
0.681328
0.622455
0.561058
0.497908
0.433814
0.369612
0.30616
0.24433
0.184994
0.12902
0.0772552
0.0305201
-0.0104062
-0.0447976
-0.0719942
-0.0914157
-0.102576
-0.105097
-0.0987256
-0.0833488
-0.0590103
-0.025928
0.0154882
0.064618
0.120612
0.18237
0.248524
0.317416
0.387075
0.455195
0.519117
0.575798
0.621794
0.653231
0.665784
0.654644
0.614503
0.539514
0.423276
0.258794
0.0384615
