1.1 0 0 0 0
1.2 0.142156 0.14236 0.171837 0.171981
1.3 0.260386 0.260754 0.314114 0.314376
1.4 0.359997 0.360495 0.432834 0.433195
1.5 0.444788 0.445386 0.532342 0.532785
1.6 0.517551 0.518221 0.6159 0.616409
1.7 0.580392 0.581109 0.686041 0.686602
1.8 0.634931 0.635673 0.744795 0.745396
1.9 0.68244 0.683188 0.793837 0.794464
2 0.723938 0.724674 0.834576 0.835217
2.1 0.76025 0.76096 0.868224 0.868866
2.2 0.792059 0.79273 0.89583 0.896462
2.3 0.819935 0.820558 0.918313 0.918925
2.4 0.844361 0.844928 0.936478 0.937061
2.5 0.86575 0.866258 0.951031 0.951577
2.6 0.884462 0.884906 0.962587 0.96309
2.7 0.900808 0.901187 0.971678 0.972134
2.8 0.915062 0.915378 0.97876 0.979168
2.9 0.927467 0.927721 0.984225 0.984583
3 0.938238 0.938433 0.988397 0.988708
3.1 0.947567 0.947708 0.991551 0.991816
3.2 0.955625 0.955716 0.993909 0.994132
3.3 0.962564 0.962611 0.995654 0.995838
3.4 0.968522 0.968531 0.996931 0.997081
3.5 0.973622 0.973597 0.997856 0.997976
3.6 0.977971 0.97792 0.998518 0.998613
3.7 0.981669 0.981595 0.998986 0.99906
3.8 0.984801 0.98471 0.999314 0.999371
3.9 0.987443 0.987341 0.999541 0.999584
4 0.989665 0.989555 0.999696 0.999728
4.1 0.991526 0.991411 0.999801 0.999824
4.2 0.993079 0.992962 0.999871 0.999888
4.3 0.994369 0.994253 0.999917 0.99993
4.4 0.995436 0.995324 0.999948 0.999956
4.5 0.996316 0.996209 0.999967 0.999973
4.6 0.997038 0.996938 0.99998 0.999984
4.7 0.997628 0.997535 0.999988 0.99999
4.8 0.998109 0.998023 0.999993 0.999994
4.9 0.998498 0.99842 0.999996 0.999997
5 0.998812 0.998742 0.999997 0.999998
5.1 0.999064 0.999002 0.999998 0.999999
5.2 0.999266 0.999211 0.999999 0.999999
5.3 0.999427 0.999378 0.999999 1
5.4 0.999554 0.999512 1 1
5.5 0.999655 0.999618 1 1
5.6 0.999734 0.999703 1 1
5.7 0.999796 0.999769 1 1
5.8 0.999844 0.999821 1 1
5.9 0.999881 0.999862 1 1
6 0.99991 0.999894 1 1
6.1 0.999932 0.999919 1 1
6.2 0.999949 0.999938 1 1
6.3 0.999962 0.999953 1 1
6.4 0.999972 0.999965 1 1
6.5 0.999979 0.999973 1 1
6.6 0.999985 0.99998 1 1
6.7 0.999989 0.999985 1 1
6.8 0.999992 0.999989 1 1
6.9 0.999994 0.999992 1 1
7 0.999996 0.999994 1 1
7.1 0.999997 0.999995 1 1
7.2 0.999998 0.999997 1 1
7.3 0.999998 0.999998 1 1
7.4 0.999999 0.999998 1 1
7.5 0.999999 0.999999 1 1
7.6 0.999999 0.999999 1 1
7.7 1 0.999999 1 1
7.8 1 0.999999 1 1
7.9 1 1 1 1
8 1 1 1 1
8.1 1 1 1 1
8.2 1 1 1 1
8.3 1 1 1 1
8.4 1 1 1 1
8.5 1 1 1 1
8.6 1 1 1 1
8.7 1 1 1 1
8.8 1 1 1 1
8.9 1 1 1 1
9 1 1 1 1
9.1 1 1 1 1
9.2 1 1 1 1
9.3 1 1 1 1
9.4 1 1 1 1
9.5 1 1 1 1
9.6 1 1 1 1
9.7 1 1 1 1
9.8 1 1 1 1
9.9 1 1 1 1
10 1 1 1 1
10.1 1 1 1 1
10.2 1 1 1 1
10.3 1 1 1 1
10.4 1 1 1 1
10.5 1 1 1 1
10.6 1 1 1 1
10.7 1 1 1 1
10.8 1 1 1 1
10.9 1 1 1 1
11 1 1 1 1
