1.1 0 0 0 0
1.2 0.163323 0.163899 0.205121 0.205527
1.3 0.298766 0.299794 0.373475 0.374214
1.4 0.412171 0.413532 0.511341 0.51235
1.5 0.507745 0.509326 0.623508 0.624728
1.6 0.588617 0.590314 0.71387 0.715245
1.7 0.657184 0.658906 0.785761 0.787232
1.8 0.715337 0.717006 0.842128 0.843637
1.9 0.764605 0.766159 0.885609 0.887099
2 0.806252 0.807643 0.918564 0.919984
2.1 0.841345 0.842541 0.943077 0.944386
2.2 0.870794 0.871779 0.960957 0.962124
2.3 0.895391 0.89616 0.973737 0.974744
2.4 0.915826 0.916386 0.982681 0.983524
2.5 0.932703 0.93307 0.98881 0.989492
2.6 0.946554 0.94675 0.992918 0.993453
2.7 0.957847 0.957897 0.995611 0.996018
2.8 0.966989 0.96692 0.997337 0.997637
2.9 0.974335 0.974176 0.998419 0.998633
3 0.980195 0.97997 0.999082 0.99923
3.1 0.984833 0.984566 0.999478 0.999578
3.2 0.988475 0.988185 0.99971 0.999775
3.3 0.99131 0.991014 0.999842 0.999883
3.4 0.993501 0.993211 0.999916 0.999941
3.5 0.995178 0.994905 0.999957 0.999971
3.6 0.996452 0.996201 0.999978 0.999986
3.7 0.99741 0.997186 0.999989 0.999994
3.8 0.998126 0.997929 0.999995 0.999997
3.9 0.998655 0.998486 0.999997 0.999999
4 0.999043 0.9989 0.999999 1
4.1 0.999325 0.999206 0.999999 1
4.2 0.999528 0.99943 1 1
4.3 0.999673 0.999594 1 1
4.4 0.999775 0.999712 1 1
4.5 0.999847 0.999798 1 1
4.6 0.999897 0.999858 1 1
4.7 0.999931 0.999901 1 1
4.8 0.999954 0.999932 1 1
4.9 0.99997 0.999953 1 1
5 0.99998 0.999968 1 1
5.1 0.999987 0.999978 1 1
5.2 0.999992 0.999985 1 1
5.3 0.999995 0.99999 1 1
5.4 0.999997 0.999993 1 1
5.5 0.999998 0.999996 1 1
5.6 0.999999 0.999997 1 1
5.7 0.999999 0.999998 1 1
5.8 1 0.999999 1 1
5.9 1 0.999999 1 1
6 1 0.999999 1 1
6.1 1 1 1 1
6.2 1 1 1 1
6.3 1 1 1 1
6.4 1 1 1 1
6.5 1 1 1 1
6.6 1 1 1 1
6.7 1 1 1 1
6.8 1 1 1 1
6.9 1 1 1 1
7 1 1 1 1
7.1 1 1 1 1
7.2 1 1 1 1
7.3 1 1 1 1
7.4 1 1 1 1
7.5 1 1 1 1
7.6 1 1 1 1
7.7 1 1 1 1
7.8 1 1 1 1
7.9 1 1 1 1
8 1 1 1 1
8.1 1 1 1 1
8.2 1 1 1 1
8.3 1 1 1 1
8.4 1 1 1 1
8.5 1 1 1 1
8.6 1 1 1 1
8.7 1 1 1 1
8.8 1 1 1 1
8.9 1 1 1 1
9 1 1 1 1
9.1 1 1 1 1
9.2 1 1 1 1
9.3 1 1 1 1
9.4 1 1 1 1
9.5 1 1 1 1
9.6 1 1 1 1
9.7 1 1 1 1
9.8 1 1 1 1
9.9 1 1 1 1
10 1 1 1 1
10.1 1 1 1 1
10.2 1 1 1 1
10.3 1 1 1 1
10.4 1 1 1 1
10.5 1 1 1 1
10.6 1 1 1 1
10.7 1 1 1 1
10.8 1 1 1 1
10.9 1 1 1 1
11 1 1 1 1
