1.1 0 0 0 0
1.2 0.132764 0.132875 0.157032 0.15711
1.3 0.243273 0.243474 0.28739 0.287533
1.4 0.336546 0.33682 0.396776 0.396973
1.5 0.41617 0.416503 0.489285 0.489528
1.6 0.48478 0.485158 0.567949 0.568229
1.7 0.544353 0.544765 0.635073 0.635386
1.8 0.596408 0.596843 0.692461 0.692798
1.9 0.642129 0.642578 0.741551 0.741908
2 0.682457 0.682911 0.783519 0.783891
2.1 0.718149 0.718601 0.819345 0.819726
2.2 0.749822 0.750266 0.849856 0.850242
2.3 0.77799 0.778419 0.875763 0.876148
2.4 0.803078 0.803489 0.897681 0.898062
2.5 0.825449 0.825837 0.916149 0.91652
2.6 0.84541 0.845772 0.931639 0.931997
2.7 0.863227 0.86356 0.944567 0.944909
2.8 0.87913 0.879434 0.9553 0.955624
2.9 0.893322 0.893595 0.964161 0.964465
3 0.905981 0.906222 0.971435 0.971716
3.1 0.917262 0.917473 0.97737 0.977628
3.2 0.927308 0.927487 0.982182 0.982416
3.3 0.936243 0.936392 0.986059 0.986269
3.4 0.944179 0.9443 0.989162 0.989349
3.5 0.951219 0.951313 0.991629 0.991794
3.6 0.957453 0.957523 0.993577 0.993721
3.7 0.962965 0.963012 0.995105 0.995228
3.8 0.967829 0.967855 0.996294 0.9964
3.9 0.972113 0.972122 0.997214 0.997303
4 0.97588 0.975872 0.99792 0.997994
4.1 0.979184 0.979162 0.998458 0.998519
4.2 0.982076 0.982042 0.998864 0.998915
4.3 0.984602 0.984558 0.99917 0.999211
4.4 0.986803 0.986752 0.999397 0.999431
4.5 0.988717 0.988659 0.999566 0.999592
4.6 0.990376 0.990314 0.999689 0.99971
4.7 0.991812 0.991747 0.999779 0.999796
4.8 0.99305 0.992984 0.999844 0.999857
4.9 0.994117 0.99405 0.999891 0.999901
5 0.995032 0.994966 0.999924 0.999932
5.1 0.995816 0.995751 0.999948 0.999953
5.2 0.996485 0.996422 0.999964 0.999968
5.3 0.997055 0.996995 0.999976 0.999979
5.4 0.997539 0.997482 0.999984 0.999986
5.5 0.997949 0.997896 0.999989 0.999991
5.6 0.998295 0.998245 0.999993 0.999994
5.7 0.998587 0.998541 0.999995 0.999996
5.8 0.998832 0.998789 0.999997 0.999997
5.9 0.999037 0.998998 0.999998 0.999998
6 0.999209 0.999173 0.999999 0.999999
6.1 0.999351 0.999319 0.999999 0.999999
6.2 0.99947 0.999441 0.999999 1
6.3 0.999568 0.999542 1 1
6.4 0.999649 0.999626 1 1
6.5 0.999715 0.999695 1 1
6.6 0.99977 0.999752 1 1
6.7 0.999815 0.999799 1 1
6.8 0.999851 0.999837 1 1
6.9 0.999881 0.999869 1 1
7 0.999905 0.999894 1 1
7.1 0.999924 0.999915 1 1
7.2 0.99994 0.999932 1 1
7.3 0.999952 0.999946 1 1
7.4 0.999962 0.999957 1 1
7.5 0.99997 0.999966 1 1
7.6 0.999977 0.999973 1 1
7.7 0.999982 0.999978 1 1
7.8 0.999986 0.999983 1 1
7.9 0.999989 0.999987 1 1
8 0.999991 0.99999 1 1
8.1 0.999993 0.999992 1 1
8.2 0.999995 0.999994 1 1
8.3 0.999996 0.999995 1 1
8.4 0.999997 0.999996 1 1
8.5 0.999998 0.999997 1 1
8.6 0.999998 0.999998 1 1
8.7 0.999999 0.999998 1 1
8.8 0.999999 0.999999 1 1
8.9 0.999999 0.999999 1 1
9 0.999999 0.999999 1 1
9.1 1 0.999999 1 1
9.2 1 1 1 1
9.3 1 1 1 1
9.4 1 1 1 1
9.5 1 1 1 1
9.6 1 1 1 1
9.7 1 1 1 1
9.8 1 1 1 1
9.9 1 1 1 1
10 1 1 1 1
10.1 1 1 1 1
10.2 1 1 1 1
10.3 1 1 1 1
10.4 1 1 1 1
10.5 1 1 1 1
10.6 1 1 1 1
10.7 1 1 1 1
10.8 1 1 1 1
10.9 1 1 1 1
11 1 1 1 1
