1.1 0 0 0 0
1.2 0.132764 7.26309e-023 0.157032 0.15711
1.3 0.243273 1.33157e-022 0.28739 0.287533
1.4 0.336546 2.15099e-022 0.396776 0.396973
1.5 0.41617 3.44316e-022 0.489285 0.489528
1.6 0.48478 5.52678e-022 0.567949 0.568229
1.7 0.544353 8.9079e-022 0.635073 0.635386
1.8 0.596408 1.44131e-021 0.692461 0.692798
1.9 0.642129 2.34013e-021 0.741551 0.741908
2 0.682457 3.81124e-021 0.783519 0.783891
2.1 0.718149 6.22438e-021 0.819345 0.819726
2.2 0.749822 1.01909e-020 0.849856 0.850242
2.3 0.77799 1.67231e-020 0.875763 0.876148
2.4 0.803078 2.74991e-020 0.897681 0.898062
2.5 0.825449 4.53046e-020 0.916149 0.91652
2.6 0.84541 7.47687e-020 0.931639 0.931997
2.7 0.863227 1.23593e-019 0.944567 0.944909
2.8 0.87913 2.04602e-019 0.9553 0.955624
2.9 0.893322 3.39174e-019 0.964161 0.964465
3 0.905981 5.62975e-019 0.971435 0.971716
3.1 0.917262 9.35562e-019 0.97737 0.977628
3.2 0.927308 1.55646e-018 0.982182 0.982416
3.3 0.936243 2.59213e-018 0.986059 0.986269
3.4 0.944179 4.32116e-018 0.989162 0.989349
3.5 0.951219 7.21011e-018 0.991629 0.991794
3.6 0.957453 1.20409e-017 0.993577 0.993721
3.7 0.962965 2.01248e-017 0.995105 0.995228
3.8 0.967829 3.36619e-017 0.996294 0.9964
3.9 0.972113 5.63461e-017 0.997214 0.997303
4 0.97588 9.43822e-017 0.99792 0.997994
4.1 0.979184 1.58198e-016 0.998458 0.998519
4.2 0.982076 2.65329e-016 0.998864 0.998915
4.3 0.984602 4.45272e-016 0.99917 0.999211
4.4 0.986803 7.47675e-016 0.999397 0.999431
4.5 0.988717 1.25613e-015 0.999566 0.999592
4.6 0.990376 2.11146e-015 0.999689 0.99971
4.7 0.991812 3.55094e-015 0.999779 0.999796
4.8 0.99305 5.97462e-015 0.999844 0.999857
4.9 0.994117 1.00571e-014 0.999891 0.999901
5 0.995032 1.69366e-014 0.999924 0.999932
5.1 0.995816 2.85337e-014 0.999948 0.999953
5.2 0.996485 4.80912e-014 0.999964 0.999968
5.3 0.997055 8.10847e-014 0.999976 0.999979
5.4 0.997539 1.36764e-013 0.999984 0.999986
5.5 0.997949 2.30761e-013 0.999989 0.999991
5.6 0.998295 3.89493e-013 0.999993 0.999994
5.7 0.998587 6.57629e-013 0.999995 0.999996
5.8 0.998832 1.11071e-012 0.999997 0.999997
5.9 0.999037 1.87653e-012 0.999998 0.999998
6 0.999209 3.1713e-012 0.999999 0.999999
6.1 0.999351 5.36099e-012 0.999999 0.999999
6.2 0.99947 9.06511e-012 0.999999 1
6.3 0.999568 1.53327e-011 1 1
6.4 0.999649 2.59403e-011 1 1
6.5 0.999715 4.38978e-011 1 1
6.6 0.99977 7.43047e-011 1 1
6.7 0.999815 1.25803e-010 1 1
6.8 0.999851 2.13044e-010 1 1
6.9 0.999881 3.60862e-010 1 1
7 0.999905 6.11375e-010 1 1
7.1 0.999924 1.03601e-009 1 1
7.2 0.99994 1.75595e-009 1 1
7.3 0.999952 2.97676e-009 1 1
7.4 0.999962 5.04732e-009 1 1
7.5 0.99997 8.5597e-009 1 1
7.6 0.999977 1.4519e-008 1 1
7.7 0.999982 2.46315e-008 1 1
7.8 0.999986 4.17946e-008 1 1
7.9 0.999989 7.09288e-008 1 1
8 0.999991 1.20392e-007 1 1
8.1 0.999993 2.04381e-007 1 1
8.2 0.999995 3.47019e-007 1 1
8.3 0.999996 5.89292e-007 1 1
8.4 0.999997 1.00086e-006 1 1
8.5 0.999998 1.70012e-006 1 1
8.6 0.999998 2.88832e-006 1 1
8.7 0.999999 4.90764e-006 1 1
8.8 0.999999 8.33986e-006 1 1
8.9 0.999999 1.41743e-005 1 1
9 0.999999 2.40936e-005 1 1
9.1 1 4.09596e-005 1 1
9.2 1 6.96408e-005 1 1
9.3 1 0.00011842 1 1
9.4 1 0.000201389 1 1
9.5 1 0.000342529 1 1
9.6 1 0.000582651 1 1
9.7 1 0.000991214 1 1
9.8 1 0.00168645 1 1
9.9 1 0.00286963 1 1
10 1 0.00488342 1 1
10.1 1 0.00831124 1 1
10.2 1 0.0141466 1 1
10.3 1 0.0240813 1 1
10.4 1 0.0409967 1 1
10.5 1 0.0698006 1 1
10.6 1 0.118853 1 1
10.7 1 0.202395 1 1
10.8 1 0.34469 1 1
10.9 1 0.587078 1 1
11 1 1 1 1
