-0.30103 -0.0232333 -2.6612
-0.309804 -0.02323 -2.65537
-0.318759 -0.0232197 -2.67846
-0.327902 -0.0146722 -2.70041
-0.337242 -0.0146749 -2.72117
-0.346787 -0.0138233 -2.74088
-0.356547 -0.0097498 -2.75955
-0.366532 -0.00881728 -2.80053
-0.376751 -0.00656553 -2.81658
-0.387216 -0.00588774 -2.83163
-0.39794 -0.00403167 -2.86288
-0.408935 -0.00344916 -2.87405
-0.420216 -0.00287577 -2.9022
-0.431798 -0.00217447 -2.92853
-0.443697 -0.00205531 -2.95316
-0.455932 -0.0016674 -2.97621
-0.468521 -0.00134233 -3.01212
-0.481486 -0.00112202 -3.02971
-0.49485 -0.000965536 -3.0582
-0.508638 -0.000797971 -3.0961
-0.522879 -0.000743694 -3.12013
-0.537602 -0.000640481 -3.1527
-0.552842 -0.000608953 -3.18082
-0.568636 -0.000440395 -3.21462
-0.585027 -0.000415216 -3.24556
-0.60206 -0.00034008 -3.289
-0.619789 -0.000318531 -3.31879
-0.638272 -0.000249868 -3.35846
-0.657577 -0.000217216 -3.4
-0.677781 -0.000187329 -3.4399
-0.69897 -0.000135394 -3.48516
-0.721246 -0.000124466 -3.52779
-0.744727 -9.51294e-005 -3.57648
-0.769551 -8.23506e-005 -3.62739
-0.79588 -6.0597e-005 -3.67977
-0.823909 -4.68171e-005 -3.73683
-0.853872 -3.51412e-005 -3.79731
-0.886057 -2.85257e-005 -3.86058
-0.920819 -1.84068e-005 -3.93171
-0.958607 -1.49378e-005 -4.0075
-1 -9.16238e-006 -4.09092
-1.04576 -6.24936e-006 -4.1824
-1.09691 -4.1214e-006 -4.28509
-1.1549 -2.95769e-006 -4.40115
-1.22185 -1.76669e-006 -4.53508
-1.30103 -9.82956e-007 -4.69399
-1.39794 -5.48702e-007 -4.88789
-1.52288 -2.94423e-007 -5.13782
-1.69897 -1.39837e-007 -5.49011
