-16.000000 -0.394570 -1.#INF00 -0.150515 -16.213019 -0.818170 -1.#INF00 -16.213019 
-15.000000 -1.154596 -1.#INF00 -1.387503 -16.213019 -1.837490 -1.#INF00 -16.213019 
-14.000000 -2.463953 -1.#INF00 -2.115416 -16.213019 -2.674657 -1.#INF00 -16.213019 
-13.000000 -3.977631 -1.#INF00 -3.977631 -16.213019 -3.977631 -1.#INF00 -16.213019 
-12.000000 -5.241330 -1.#INF00 -5.241330 -16.213019 -5.241330 -1.#INF00 -16.213019 
-11.000000 -5.270396 -1.#INF00 -5.241330 -16.213019 -6.731217 -1.#INF00 -16.213019 
-10.000000 -6.034076 -1.#INF00 -6.731217 -16.213019 -6.432475 -1.#INF00 -16.213019 
-9.000000 -7.439413 -1.#INF00 -7.126881 -16.213019 -7.717736 -1.#INF00 -16.213019 
-8.000000 -8.515664 -1.#INF00 -8.515664 -16.213019 -8.515664 -1.#INF00 -16.213019 
-7.000000 -7.446025 -14.778499 -7.466781 -7.301377 -9.078039 -14.507432 -16.213019 
-6.000000 -6.451681 -12.778209 -6.451552 -6.300991 -10.278605 -12.477179 -16.213019 
-5.000000 -5.451544 -10.778148 -5.451548 -5.301030 -10.854992 -10.477121 -16.213019 
-4.000000 -4.451531 -8.778151 -4.451559 -4.301030 -8.928638 -8.477121 -16.213019 
-3.000000 -3.451400 -6.778151 -3.451690 -3.301030 -6.928666 -6.477121 -9.602021 
-2.000000 -2.450103 -4.778153 -2.452999 -2.301034 -4.928668 -4.477136 -6.602067 
