
      POZIOMY dt i h:             

dt\h: 	-8.4853	-8.3853	-8.2853	-8.1853	-8.0853	-7.9853	-7.8853	-7.7853	-7.6853	-7.5853	-7.4853	-7.3853	-7.2853	-7.1853	-7.0853	-6.9853	-6.8853	-6.7853	-6.6853	-6.5853	-6.4853	-6.3853	-6.2853	-6.1853	-6.0853	-5.9853	-5.8853	-5.7853	-5.6853	-5.5853	-5.4853	-5.3853	-5.2853	-5.1853	-5.0853	-4.9853	-4.8853	-4.7853	-4.6853	-4.5853	-4.4853	-4.3853	-4.2853	-4.1853	-4.0853	-3.9853	-3.8853	-3.7853	-3.6853	-3.5853	-3.4853	-3.3853	-3.2853	-3.1853	-3.0853	-2.9853	-2.8853	-2.7853	-2.6853	-2.5853	-2.4853	-2.3853	-2.2853	-2.1853	-2.0853	-1.9853	-1.8853	-1.7853	-1.6853	-1.5853	-1.4853	-1.3853	-1.2853	-1.1853	-1.0853	-0.9853	-0.8853	-0.7853	-0.6853	-0.5853	-0.4853	-0.3853	-0.2853	-0.1853	-0.0853	0.0147	0.1147	0.2147	0.3147	0.4147	0.5147	0.6147	0.7147	0.8147	0.9147	1.0147	1.1147	1.2147	1.3147	1.4147	1.5147	1.6147	1.7147	1.8147	1.9147	2.0147	2.1147	2.2147	2.3147	2.4147	2.5147	2.6147	2.7147	2.8147	2.9147	3.0147	3.1147	3.2147	3.3147	3.4147	3.5147	3.6147	3.7147	3.8147	3.9147	4.0147	4.1147	4.2147	4.3147	4.4147	4.5147	4.6147	4.7147	4.8147	4.9147	5.0147	5.1147	5.2147	5.3147	5.4147	5.5147	5.6147	5.7147	5.8147	5.9147	6.0147	6.1147	6.2147	6.3147	6.4147	6.5147	6.6147	6.7147	6.8147	6.9147	7.0147	7.1147	7.2147	7.3147	7.4147	7.5147	7.6147	7.7147	7.8147	7.9147	8.0147	8.1147	8.2147	8.3147	8.4147	
0.0000
0.0100
0.0200
0.0300
0.0400
0.0500
0.0600
0.0700
0.0800
0.0900
0.1000
0.1100
0.1200
0.1300
0.1400
0.1500
0.1600
0.1700
0.1800
0.1900
0.2000
0.2100
0.2200
0.2300
0.2400
0.2500
0.2600
0.2700
0.2800
0.2900
0.3000
0.3100
0.3200
0.3300
0.3400
0.3500
0.3600
0.3700
0.3800
0.3900
0.4000
0.4100
0.4200
0.4300
0.4400
0.4500
0.4600
0.4700
0.4800
0.4900
0.5000
0.5100
0.5200
0.5300
0.5400
0.5500
0.5600
0.5700
0.5800
0.5900
0.6000
0.6100
0.6200
0.6300
0.6400
0.6500
0.6600
0.6700
0.6800
0.6900
0.7000
0.7100
0.7200
0.7300
0.7400
0.7500
0.7600
0.7700
0.7800
0.7900
0.8000
0.8100
0.8200
0.8300
0.8400
0.8500
0.8600
0.8700
0.8800
0.8900
0.9000
0.9100
0.9200
0.9300
0.9400
0.9500
0.9600
0.9700
0.9800
0.9900
1.0000
1.0100
1.0200
1.0300
1.0400
1.0500
1.0600
1.0700
1.0800
1.0900
1.1000
1.1100
1.1200
1.1300
1.1400
1.1500
1.1600
1.1700
1.1800
1.1900
1.2000
1.2100
1.2200
1.2300
1.2400
1.2500
1.2600
1.2700
1.2800
1.2900
1.3000
1.3100
1.3200
1.3300
1.3400
1.3500
1.3600
1.3700
1.3800
1.3900
1.4000
1.4100
1.4200
1.4300
1.4400
1.4500
1.4600
1.4700
1.4800
1.4900
1.5000
1.5100
1.5200
1.5300
1.5400
1.5500
1.5600
1.5700
1.5800
1.5900
1.6000
1.6100
1.6200
1.6300
1.6400
1.6500
1.6600
1.6700
1.6800
1.6900
1.7000
1.7100
1.7200
1.7300
1.7400
1.7500
1.7600
1.7700
1.7800
1.7900
1.8000
1.8100
1.8200
1.8300
1.8400
1.8500
1.8600
1.8700
1.8800
1.8900
1.9000
1.9100
1.9200
1.9300
1.9400
1.9500
1.9600
1.9700
1.9800
1.9900
2.0000
