
      POZIOMY dt i h:             

dt\h: 	-8.4853	-8.3853	-8.2853	-8.1853	-8.0853	-7.9853	-7.8853	-7.7853	-7.6853	-7.5853	-7.4853	-7.3853	-7.2853	-7.1853	-7.0853	-6.9853	-6.8853	-6.7853	-6.6853	-6.5853	-6.4853	-6.3853	-6.2853	-6.1853	-6.0853	-5.9853	-5.8853	-5.7853	-5.6853	-5.5853	-5.4853	-5.3853	-5.2853	-5.1853	-5.0853	-4.9853	-4.8853	-4.7853	-4.6853	-4.5853	-4.4853	-4.3853	-4.2853	-4.1853	-4.0853	-3.9853	-3.8853	-3.7853	-3.6853	-3.5853	-3.4853	-3.3853	-3.2853	-3.1853	-3.0853	-2.9853	-2.8853	-2.7853	-2.6853	-2.5853	-2.4853	-2.3853	-2.2853	-2.1853	-2.0853	-1.9853	-1.8853	-1.7853	-1.6853	-1.5853	-1.4853	-1.3853	-1.2853	-1.1853	-1.0853	-0.9853	-0.8853	-0.7853	-0.6853	-0.5853	-0.4853	-0.3853	-0.2853	-0.1853	-0.0853	0.0147	0.1147	0.2147	0.3147	0.4147	0.5147	0.6147	0.7147	0.8147	0.9147	1.0147	1.1147	1.2147	1.3147	1.4147	1.5147	1.6147	1.7147	1.8147	1.9147	2.0147	2.1147	2.2147	2.3147	2.4147	2.5147	2.6147	2.7147	2.8147	2.9147	3.0147	3.1147	3.2147	3.3147	3.4147	3.5147	3.6147	3.7147	3.8147	3.9147	4.0147	4.1147	4.2147	4.3147	4.4147	4.5147	4.6147	4.7147	4.8147	4.9147	5.0147	5.1147	5.2147	5.3147	5.4147	5.5147	5.6147	5.7147	5.8147	5.9147	6.0147	6.1147	6.2147	6.3147	6.4147	6.5147	6.6147	6.7147	6.8147	6.9147	7.0147	7.1147	7.2147	7.3147	7.4147	7.5147	7.6147	7.7147	7.8147	7.9147	8.0147	8.1147	8.2147	8.3147	8.4147	
0.0000
0.0040
0.0080
0.0120
0.0160
0.0200
0.0240
0.0280
0.0320
0.0360
0.0400
0.0440
0.0480
0.0520
0.0560
0.0600
0.0640
0.0680
0.0720
0.0760
0.0800
0.0840
0.0880
0.0920
0.0960
0.1000
0.1040
0.1080
0.1120
0.1160
0.1200
0.1240
0.1280
0.1320
0.1360
0.1400
0.1440
0.1480
0.1520
0.1560
0.1600
0.1640
0.1680
0.1720
0.1760
0.1800
0.1840
0.1880
0.1920
0.1960
0.2000
0.2040
0.2080
0.2120
0.2160
0.2200
0.2240
0.2280
0.2320
0.2360
0.2400
0.2440
0.2480
0.2520
0.2560
0.2600
0.2640
0.2680
0.2720
0.2760
0.2800
0.2840
0.2880
0.2920
0.2960
0.3000
0.3040
0.3080
0.3120
0.3160
0.3200
0.3240
0.3280
0.3320
0.3360
0.3400
0.3440
0.3480
0.3520
0.3560
0.3600
0.3640
0.3680
0.3720
0.3760
0.3800
0.3840
0.3880
0.3920
0.3960
0.4000
0.4040
0.4080
0.4120
0.4160
0.4200
0.4240
0.4280
0.4320
0.4360
0.4400
0.4440
0.4480
0.4520
0.4560
0.4600
0.4640
0.4680
0.4720
0.4760
0.4800
0.4840
0.4880
0.4920
0.4960
0.5000
0.5040
0.5080
0.5120
0.5160
0.5200
0.5240
0.5280
0.5320
0.5360
0.5400
0.5440
0.5480
0.5520
0.5560
0.5600
0.5640
0.5680
0.5720
0.5760
0.5800
0.5840
0.5880
0.5920
0.5960
0.6000
0.6040
0.6080
0.6120
0.6160
0.6200
0.6240
0.6280
0.6320
0.6360
0.6400
0.6440
0.6480
0.6520
0.6560
0.6600
0.6640
0.6680
0.6720
0.6760
0.6800
0.6840
0.6880
0.6920
0.6960
0.7000
0.7040
0.7080
0.7120
0.7160
0.7200
0.7240
0.7280
0.7320
0.7360
0.7400
0.7440
0.7480
0.7520
0.7560
0.7600
0.7640
0.7680
0.7720
0.7760
0.7800
0.7840
0.7880
0.7920
0.7960
0.8000
0.8040
0.8080
0.8120
0.8160
0.8200
0.8240
0.8280
0.8320
0.8360
0.8400
0.8440
0.8480
0.8520
0.8560
0.8600
0.8640
0.8680
0.8720
0.8760
0.8800
0.8840
0.8880
0.8920
0.8960
0.9000
0.9040
0.9080
0.9120
0.9160
0.9200
0.9240
0.9280
0.9320
0.9360
0.9400
0.9440
0.9480
0.9520
0.9560
0.9600
0.9640
0.9680
0.9720
0.9760
0.9800
0.9840
0.9880
0.9920
0.9960
1.0000
1.0040
1.0080
1.0120
1.0160
1.0200
1.0240
1.0280
1.0320
1.0360
1.0400
1.0440
1.0480
1.0520
1.0560
1.0600
1.0640
1.0680
1.0720
1.0760
1.0800
1.0840
1.0880
1.0920
1.0960
1.1000
1.1040
1.1080
1.1120
1.1160
1.1200
1.1240
1.1280
1.1320
1.1360
1.1400
1.1440
1.1480
1.1520
1.1560
1.1600
1.1640
1.1680
1.1720
1.1760
1.1800
1.1840
1.1880
1.1920
1.1960
1.2000
1.2040
1.2080
1.2120
1.2160
1.2200
1.2240
1.2280
1.2320
1.2360
1.2400
1.2440
1.2480
1.2520
1.2560
1.2600
1.2640
1.2680
1.2720
1.2760
1.2800
1.2840
1.2880
1.2920
1.2960
1.3000
1.3040
1.3080
1.3120
1.3160
1.3200
1.3240
1.3280
1.3320
1.3360
1.3400
1.3440
1.3480
1.3520
1.3560
1.3600
1.3640
1.3680
1.3720
1.3760
1.3800
1.3840
1.3880
1.3920
1.3960
1.4000
1.4040
1.4080
1.4120
1.4160
1.4200
1.4240
1.4280
1.4320
1.4360
1.4400
1.4440
1.4480
1.4520
1.4560
1.4600
1.4640
1.4680
1.4720
1.4760
1.4800
1.4840
1.4880
1.4920
1.4960
1.5000
1.5040
1.5080
1.5120
1.5160
1.5200
1.5240
1.5280
1.5320
1.5360
1.5400
1.5440
1.5480
1.5520
1.5560
1.5600
1.5640
1.5680
1.5720
1.5760
1.5800
1.5840
1.5880
1.5920
1.5960
1.6000
1.6040
1.6080
1.6120
1.6160
1.6200
1.6240
1.6280
1.6320
1.6360
1.6400
1.6440
1.6480
1.6520
1.6560
1.6600
1.6640
1.6680
1.6720
1.6760
1.6800
1.6840
1.6880
1.6920
1.6960
1.7000
1.7040
1.7080
1.7120
1.7160
1.7200
1.7240
1.7280
1.7320
1.7360
1.7400
1.7440
1.7480
1.7520
1.7560
1.7600
1.7640
1.7680
1.7720
1.7760
1.7800
1.7840
1.7880
1.7920
1.7960
1.8000
1.8040
1.8080
1.8120
1.8160
1.8200
1.8240
1.8280
1.8320
1.8360
1.8400
1.8440
1.8480
1.8520
1.8560
1.8600
1.8640
1.8680
1.8720
1.8760
1.8800
1.8840
1.8880
1.8920
1.8960
1.9000
1.9040
1.9080
1.9120
1.9160
1.9200
1.9240
1.9280
1.9320
1.9360
1.9400
1.9440
1.9480
1.9520
1.9560
1.9600
1.9640
1.9680
1.9720
1.9760
1.9800
1.9840
1.9880
1.9920
1.9960
