-0.653213 -4.26587 -7.47493
-0.977724 -4.9123 -8.77073
-1.16137 -5.27928 -9.50506
-1.29003 -5.53655 -10.0197
-1.38917 -5.7348 -10.4162
-1.46982 -5.89612 -10.7389
-1.53782 -6.03212 -11.0108
-1.5966 -6.14969 -11.246
-1.64836 -6.25322 -11.4527
-1.69461 -6.3457 -11.6376
-1.7364 -6.42926 -11.8071
-1.77452 -6.50549 -11.9604
-1.80956 -6.57557 -12.1021
-1.84198 -6.64041 -12.241
-1.87216 -6.70076 -12.3427
-1.90037 -6.75718 -12.4575
-1.92686 -6.81016 -12.567
-1.95182 -6.8601 -12.677
-1.97543 -6.90732 -12.7554
-1.99782 -6.9521 -12.8041
-2.01912 -6.99468 -13.0156
-2.03941 -7.03528 -12.9616
-2.05881 -7.07406 -13.2424
-2.07737 -7.11118 -13.1721
-2.09517 -7.14678 -13.3053
-2.11227 -7.18098 -13.3811
-2.12872 -7.21389 -13.3092
-2.14457 -7.24559 -13.3242
-2.15987 -7.27618 -13.7042
-2.17464 -7.30573 -13.5575
-2.18893 -7.3343 -14.0709
-2.20276 -7.36197 -13.6132
-2.21617 -7.38878 -13.8406
-2.22917 -7.41478 -13.4789
-2.2418 -7.44003 -13.4427
-2.25406 -7.46457 -13.2706
-2.266 -7.48844 -13.5566
-2.27761 -7.51166 -13.3355
-2.28892 -7.53428 -13.5708
-2.29994 -7.55633 -13.5566
-2.31069 -7.57783 -13.569
-2.32118 -7.59881 -13.8525
-2.33143 -7.6193 -14.0461
-2.34143 -7.63931 -13.9132
-2.35122 -7.65888 -13.3714
-2.36078 -7.67801 -14.0973
-2.37014 -7.69673 -13.4193
-2.37931 -7.71505 -13.5549
-2.38828 -7.733 -13.5872
-2.39707 -7.75058 -13.408
-2.40569 -7.76782 -13.3947
-2.41414 -7.78472 -13.6222
-2.42243 -7.80129 -13.2398
-2.43056 -7.81756 -13.1132
-2.43854 -7.83352 -13.0136
-2.44638 -7.8492 -12.8596
-2.45408 -7.8646 -13.3725
-2.46165 -7.87974 -13.2428
-2.46909 -7.89461 -13.4577
-2.4764 -7.90924 -13.0597
-2.48359 -7.92361 -13.6324
-2.49066 -7.93776 -13.5628
-2.49762 -7.95168 -13.0111
-2.50447 -7.96539 -13.0067
-2.51121 -7.97887 -13.459
-2.51786 -7.99215 -13.5059
-2.5244 -8.00523 -13.057
-2.53084 -8.01812 -13.7962
-2.53719 -8.03082 -13.0507
-2.54345 -8.04334 -13.5566
-2.54962 -8.05567 -13.5558
-2.5557 -8.06784 -13.3191
-2.5617 -8.07984 -13.1494
-2.56761 -8.09167 -12.7595
-2.57345 -8.10334 -12.8501
-2.57921 -8.11487 -13.2091
-2.5849 -8.12624 -13.3206
-2.59051 -8.13746 -13.0964
-2.59605 -8.14854 -13.3131
-2.60152 -8.15946 -12.5037
-2.60692 -8.17028 -12.6972
-2.61225 -8.18096 -12.8272
-2.61752 -8.19148 -13.0895
-2.62273 -8.20191 -13.1972
-2.62788 -8.21219 -12.9847
-2.63296 -8.22236 -13.1253
-2.63799 -8.23244 -13.1779
-2.64296 -8.24236 -12.8243
-2.64787 -8.25219 -13.1552
-2.65273 -8.26191 -12.9656
-2.65753 -8.2715 -13.035
-2.66229 -8.28101 -12.9755
-2.66699 -8.29041 -12.9979
-2.67164 -8.29972 -13.3434
-2.67624 -8.30892 -13.408
-2.68079 -8.31803 -12.759
-2.68529 -8.32702 -12.9833
-2.68975 -8.33595 -13.2662
-2.69417 -8.34476 -13.1279
-2.69854 -8.35354 -13.3252
-2.70286 -8.36218 -12.8289
-2.70714 -8.37073 -13.083
-2.71139 -8.37922 -12.6657
-2.71559 -8.38764 -12.9443
-2.71975 -8.39592 -12.882
-2.72387 -8.40417 -12.3264
-2.72795 -8.41234 -12.7306
-2.73199 -8.4204 -12.9889
-2.736 -8.42844 -13.3725
-2.73997 -8.43635 -12.9612
-2.7439 -8.44427 -12.5902
-2.7478 -8.45205 -12.4716
-2.75166 -8.45973 -13.141
-2.75549 -8.46743 -13.0755
-2.75929 -8.47501 -12.5699
-2.76305 -8.48253 -12.6499
-2.76678 -8.49 -12.875
-2.77048 -8.49741 -12.9533
-2.77415 -8.50471 -12.4465
-2.77779 -8.51199 -13.2966
-2.7814 -8.51924 -12.5978
-2.78497 -8.52642 -13.3062
-2.78852 -8.5335 -12.9741
-2.79204 -8.5405 -12.9346
-2.79553 -8.54749 -13.3806
-2.799 -8.55441 -12.572
-2.80243 -8.5613 -12.6823
-2.80584 -8.56814 -12.6823
-2.80922 -8.5749 -13.0919
-2.81258 -8.58164 -13.0226
-2.81591 -8.58826 -12.8894
-2.81921 -8.59485 -12.6862
-2.82249 -8.60143 -12.663
-2.82575 -8.60801 -13.0298
-2.82898 -8.61442 -13.0171
-2.83219 -8.62081 -12.8285
-2.83537 -8.62717 -13.0675
-2.83853 -8.63348 -13.2517
-2.84167 -8.63975 -13.2487
-2.84479 -8.64598 -12.9108
-2.84788 -8.65221 -12.943
-2.85095 -8.65838 -12.5428
-2.854 -8.66446 -12.5692
-2.85703 -8.67052 -13.2056
-2.86004 -8.67652 -12.8339
-2.86303 -8.6825 -13.0064
-2.86599 -8.68844 -12.391
-2.86894 -8.69423 -12.5988
-2.87186 -8.70029 -12.3233
-2.87477 -8.70604 -12.3108
-2.87766 -8.71181 -12.7111
-2.88053 -8.71746 -12.482
-2.88338 -8.7231 -13.1021
-2.88621 -8.72892 -12.8983
-2.88902 -8.73441 -13.2419
-2.89182 -8.73999 -12.7003
-2.89459 -8.74563 -12.7916
-2.89735 -8.75117 -12.4801
-2.90009 -8.75664 -12.4314
-2.90282 -8.76215 -12.3138
-2.90553 -8.76746 -12.899
-2.90822 -8.77271 -12.7066
-2.91089 -8.77817 -13.1364
-2.91355 -8.78354 -13.0919
-2.91619 -8.78889 -12.358
-2.91882 -8.79409 -12.321
-2.92143 -8.79926 -12.4961
-2.92402 -8.8045 -12.6742
-2.9266 -8.80961 -12.8021
-2.92916 -8.81468 -12.1507
-2.93171 -8.81979 -12.6722
-2.93425 -8.82489 -12.4714
-2.93676 -8.82996 -12.5333
-2.93927 -8.83497 -12.5539
-2.94176 -8.83996 -12.5445
-2.94424 -8.84496 -12.5839
-2.9467 -8.84961 -12.2628
-2.94915 -8.85467 -12.6495
-2.95158 -8.85968 -12.8943
-2.954 -8.86456 -12.3401
-2.95641 -8.8692 -13.232
-2.9588 -8.874 -12.7587
-2.96118 -8.87905 -12.2731
-2.96355 -8.88351 -13.0295
-2.96591 -8.88829 -12.3618
-2.96825 -8.89304 -13.1417
-2.97058 -8.89754 -12.5649
-2.9729 -8.90239 -12.5968
-2.9752 -8.9069 -12.5287
-2.97749 -8.91144 -12.3773
-2.97978 -8.91594 -12.9824
-2.98204 -8.92036 -12.3087
-2.9843 -8.92512 -12.6395
-2.98655 -8.92942 -13.0308
-2.98878 -8.9339 -12.1723
-2.991 -8.9385 -12.8078
-2.99322 -8.94287 -12.8714
-2.99542 -8.94739 -13.2445
-2.9976 -8.95154 -12.7873
-2.99978 -8.95608 -12.8268
-3.00195 -8.9601 -12.6736
-3.00411 -8.96477 -12.3674
-3.00625 -8.96873 -12.6338
-3.00839 -8.97315 -12.334
-3.01051 -8.97736 -12.1908
-3.01263 -8.98181 -12.3276
-3.01473 -8.98592 -12.1401
-3.01682 -8.99013 -12.3191
-3.01891 -8.99443 -12.5219
-3.02098 -8.99859 -12.1756
-3.02305 -9.00258 -12.8138
-3.0251 -9.00668 -12.363
-3.02715 -9.01102 -12.4934
-3.02918 -9.01463 -12.3717
-3.03121 -9.01888 -11.9977
-3.03322 -9.02292 -12.7944
-3.03523 -9.02703 -12.3636
-3.03723 -9.03117 -12.0325
-3.03922 -9.03504 -12.4408
-3.0412 -9.03872 -12.7363
-3.04317 -9.04278 -12.4034
-3.04513 -9.04656 -12.4478
-3.04708 -9.05035 -12.8018
-3.04902 -9.05477 -12.038
-3.05096 -9.05855 -12.116
-3.05289 -9.06229 -12.2933
-3.0548 -9.06556 -12.2152
-3.05671 -9.0699 -12.6802
-3.05862 -9.07345 -12.4804
-3.06051 -9.07773 -12.5527
-3.06239 -9.08098 -12.612
-3.06427 -9.085 -12.582
-3.06614 -9.08855 -12.3887
-3.068 -9.09234 -12.122
-3.06985 -9.09607 -12.6442
-3.0717 -9.09996 -12.5986
-3.07354 -9.10347 -12.219
-3.07536 -9.10748 -12.8343
-3.07719 -9.11093 -12.8051
-3.079 -9.11407 -12.4352
-3.08081 -9.11847 -12.7299
-3.08261 -9.12165 -12.1774
-3.0844 -9.12488 -12.5287
-3.08618 -9.1284 -12.4667
-3.08796 -9.13245 -12.8453
-3.08973 -9.13638 -12.1046
-3.09149 -9.13949 -11.9349
-3.09325 -9.14352 -12.101
-3.09499 -9.14633 -12.2343
-3.09674 -9.14973 -12.0319
-3.09847 -9.15355 -12.6311
-3.1002 -9.15707 -12.7683
-3.10192 -9.16046 -12.638
-3.10363 -9.16312 -12.537
-3.10534 -9.16707 -12.2858
-3.10704 -9.17137 -11.9442
-3.10873 -9.17363 -12.4082
-3.11042 -9.17693 -12.714
-3.1121 -9.18102 -12.7565
-3.11378 -9.18427 -12.5115
-3.11544 -9.18751 -12.3207
-3.11711 -9.19058 -12.5493
-3.11876 -9.19351 -12.3853
-3.12041 -9.19762 -12.0049
-3.12205 -9.20094 -12.5841
-3.12369 -9.20402 -12.323
-3.12532 -9.20681 -12.7943
-3.12694 -9.2102 -12.194
-3.12856 -9.2134 -12.3145
-3.13017 -9.21671 -12.4243
-3.13178 -9.22033 -12.3589
-3.13338 -9.22339 -12.3365
-3.13497 -9.22602 -12.8582
-3.13656 -9.22975 -12.5181
-3.13814 -9.23267 -12.6811
-3.13972 -9.23659 -12.4138
-3.14129 -9.23902 -12.1126
-3.14286 -9.24157 -12.5301
-3.14442 -9.24551 -12.7162
-3.14597 -9.24854 -12.2263
-3.14752 -9.25124 -12.3583
-3.14907 -9.2543 -12.2104
-3.1506 -9.25708 -12.4385
-3.15214 -9.26092 -12.4444
-3.15366 -9.26391 -12.0865
-3.15518 -9.26722 -12.8756
-3.1567 -9.2697 -12.3655
-3.15821 -9.27282 -12.3769
-3.15972 -9.27541 -12.065
-3.16122 -9.27968 -11.9544
-3.16271 -9.2819 -12.5809
-3.1642 -9.28389 -12.5148
-3.16569 -9.28805 -11.9766
-3.16717 -9.2908 -12.3699
-3.16864 -9.2937 -12.3416
-3.17011 -9.29719 -12.0706
-3.17158 -9.30019 -12.5138
-3.17304 -9.30168 -11.746
-3.1745 -9.30625 -12.3795
-3.17595 -9.30935 -12.5143
-3.17739 -9.31114 -12.4022
-3.17883 -9.31441 -11.848
-3.18027 -9.31673 -12.4007
-3.1817 -9.3192 -12.0304
-3.18313 -9.32215 -11.9408
-3.18455 -9.32548 -12.2196
-3.18597 -9.32866 -12.5572
-3.18738 -9.33103 -12.6474
-3.18879 -9.33374 -12.9884
-3.19019 -9.33657 -11.9706
-3.19159 -9.33883 -12.0086
-3.19299 -9.34303 -11.9373
-3.19438 -9.34539 -12.3204
-3.19576 -9.34838 -11.8449
-3.19714 -9.34999 -12.2001
-3.19852 -9.35445 -12.4867
-3.19989 -9.356 -12.2996
-3.20126 -9.35898 -12.2023
-3.20262 -9.36172 -11.8628
-3.20398 -9.36463 -11.8282
-3.20534 -9.36694 -12.4052
-3.20669 -9.37106 -12.1235
-3.20804 -9.37057 -12.2453
-3.20938 -9.37392 -12.6009
-3.21072 -9.37791 -12.234
-3.21205 -9.38064 -12.2751
-3.21338 -9.38447 -12.2946
-3.21471 -9.38681 -11.9676
-3.21603 -9.38836 -12.2157
-3.21735 -9.38988 -12.311
-3.21867 -9.39427 -12.6213
-3.21998 -9.39742 -12.4961
-3.22128 -9.39785 -11.7975
-3.22259 -9.40147 -11.8292
-3.22389 -9.40458 -12.1716
-3.22518 -9.40669 -11.9946
-3.22647 -9.40814 -12.3481
-3.22776 -9.41169 -11.9826
-3.22904 -9.41643 -12.0872
-3.23032 -9.41668 -12.3799
-3.2316 -9.42026 -11.9229
-3.23287 -9.42325 -11.9983
-3.23414 -9.42364 -11.9313
-3.2354 -9.42636 -12.0075
-3.23666 -9.4291 -12.3929
-3.23792 -9.43295 -12.096
-3.23917 -9.43623 -12.2797
-3.24042 -9.43752 -12.7188
-3.24167 -9.44049 -12.6283
-3.24291 -9.44257 -12.0242
-3.24415 -9.44445 -12.2133
-3.24539 -9.44653 -11.9148
-3.24662 -9.45057 -12.5693
-3.24785 -9.45172 -11.9531
-3.24908 -9.45651 -12.1725
-3.2503 -9.45666 -12.57
-3.25152 -9.45906 -12.05
-3.25273 -9.46225 -12.0867
-3.25394 -9.46311 -12.1298
-3.25515 -9.46765 -12.2251
-3.25636 -9.46994 -11.9509
-3.25756 -9.47097 -12.1059
-3.25876 -9.47212 -12.0282
-3.25995 -9.4773 -12.3509
-3.26114 -9.47913 -12.0123
-3.26233 -9.48078 -11.92
-3.26352 -9.48232 -12.5157
-3.2647 -9.48688 -12.2101
-3.26588 -9.48868 -12.4357
-3.26705 -9.49091 -11.7882
-3.26823 -9.49143 -12.2227
-3.2694 -9.49648 -11.7858
-3.27056 -9.49759 -12.2372
-3.27173 -9.4989 -12.2698
-3.27289 -9.50247 -12.3441
-3.27404 -9.5056 -12.0353
-3.2752 -9.50506 -12.2751
-3.27635 -9.50877 -12.1364
-3.27749 -9.51041 -12.3511
-3.27864 -9.51374 -12.5688
-3.27978 -9.5154 -11.7797
-3.28092 -9.51779 -11.9152
-3.28206 -9.52133 -12.0243
-3.28319 -9.52305 -12.1243
-3.28432 -9.52428 -12.331
-3.28544 -9.52708 -11.8745
-3.28657 -9.52775 -12.129
-3.28769 -9.53255 -12.3656
-3.28881 -9.5333 -12.7317
-3.28992 -9.53367 -12.4016
-3.29104 -9.53821 -11.9754
-3.29215 -9.53857 -11.9844
-3.29325 -9.54308 -12.0163
-3.29436 -9.54696 -12.2964
-3.29546 -9.54855 -12.0953
-3.29656 -9.54884 -12.0228
-3.29765 -9.55001 -12.2424
-3.29874 -9.55358 -12.1415
-3.29983 -9.55627 -11.9827
-3.30092 -9.55876 -12.2005
-3.30201 -9.56101 -12.5479
-3.30309 -9.56161 -12.1526
-3.30417 -9.56291 -12.5876
-3.30524 -9.56748 -12.1812
-3.30632 -9.56752 -12.2718
-3.30739 -9.57088 -11.8261
-3.30846 -9.57555 -11.628
-3.30952 -9.57519 -12.2595
-3.31059 -9.57659 -12.3208
-3.31165 -9.58178 -11.877
-3.31271 -9.58388 -11.9538
-3.31376 -9.58332 -12.4189
-3.31481 -9.58492 -11.9288
-3.31587 -9.58951 -11.6722
-3.31691 -9.59188 -11.7734
-3.31796 -9.59232 -11.804
-3.319 -9.59589 -12.2974
-3.32004 -9.59809 -11.9248
-3.32108 -9.60107 -11.8814
-3.32212 -9.60224 -12.4201
-3.32315 -9.60053 -11.7782
-3.32418 -9.60295 -12.2294
-3.32521 -9.60383 -12.2435
-3.32623 -9.61044 -11.639
-3.32726 -9.60879 -12.0682
-3.32828 -9.60871 -12.3203
-3.3293 -9.61072 -12.5077
-3.33031 -9.61554 -11.9972
-3.33133 -9.618 -11.9664
-3.33234 -9.6223 -11.8357
-3.33335 -9.62149 -12.1015
-3.33435 -9.62483 -11.5633
-3.33536 -9.62603 -12.5601
-3.33636 -9.62959 -12.0184
-3.33736 -9.63018 -11.8908
-3.33836 -9.6327 -11.6587
-3.33935 -9.63425 -11.8515
-3.34034 -9.63928 -11.7048
-3.34134 -9.63757 -11.9404
-3.34232 -9.64237 -11.7153
-3.34331 -9.64359 -12.0314
-3.34429 -9.64873 -11.6696
-3.34528 -9.64601 -11.5854
-3.34626 -9.6524 -12.3471
-3.34723 -9.65231 -12.0641
-3.34821 -9.65074 -12.1618
-3.34918 -9.65535 -12.3293
-3.35015 -9.65528 -12.3529
-3.35112 -9.66022 -12.1408
-3.35209 -9.66071 -11.7009
-3.35305 -9.6632 -11.7245
-3.35401 -9.66531 -12.4459
-3.35497 -9.66957 -11.5717
-3.35593 -9.66806 -11.8566
-3.35689 -9.67208 -11.7267
-3.35784 -9.67079 -12.3728
-3.35879 -9.68011 -12.0996
-3.35974 -9.67489 -11.8138
-3.36069 -9.67733 -11.9472
-3.36163 -9.67584 -11.9831
-3.36258 -9.68154 -12.1282
-3.36352 -9.68596 -11.8711
-3.36446 -9.69025 -12.4327
-3.36539 -9.68976 -11.6217
-3.36633 -9.69191 -12.2121
-3.36726 -9.69468 -12.2727
-3.36819 -9.69015 -12.3601
-3.36912 -9.69357 -12.3088
-3.37005 -9.69729 -11.9141
-3.37098 -9.70283 -11.708
-3.3719 -9.70192 -12.0662
-3.37282 -9.70037 -12.3109
-3.37374 -9.70298 -11.6121
-3.37466 -9.70659 -12.049
-3.37557 -9.711 -11.6642
-3.37649 -9.708 -12.1325
-3.3774 -9.7125 -12.0879
-3.37831 -9.71655 -11.4851
-3.37921 -9.71067 -11.9067
-3.38012 -9.71553 -11.6109
-3.38102 -9.71932 -11.7129
-3.38193 -9.72465 -12.3988
-3.38283 -9.72385 -11.9169
-3.38373 -9.72357 -12.2176
-3.38462 -9.72335 -12.1653
-3.38552 -9.72464 -11.8052
-3.38641 -9.72794 -12.3577
-3.3873 -9.73359 -12.7366
-3.38819 -9.73425 -12.3792
-3.38908 -9.73027 -11.8354
-3.38996 -9.73653 -11.624
-3.39085 -9.74119 -11.685
-3.39173 -9.73529 -11.9305
-3.39261 -9.73882 -11.8749
-3.39349 -9.74128 -11.7491
-3.39436 -9.7479 -12.0315
-3.39524 -9.74584 -12.4455
-3.39611 -9.75162 -11.9267
-3.39698 -9.75442 -12.1875
-3.39785 -9.7527 -11.8035
-3.39872 -9.75094 -12.2448
-3.39959 -9.75694 -11.9973
-3.40045 -9.75909 -12.4984
-3.40131 -9.76412 -12.0521
-3.40218 -9.76062 -11.5609
-3.40303 -9.75652 -11.9146
-3.40389 -9.76415 -11.7316
-3.40475 -9.76738 -12.0458
-3.4056 -9.76919 -12.177
-3.40646 -9.77155 -11.7381
-3.40731 -9.76801 -11.8908
-3.40816 -9.77194 -11.6939
-3.409 -9.77888 -11.7702
-3.40985 -9.77364 -11.9094
-3.41069 -9.78231 -12.1775
-3.41154 -9.78053 -11.8843
-3.41238 -9.78563 -12.033
-3.41322 -9.78129 -12.1151
-3.41405 -9.77926 -12.0904
-3.41489 -9.78624 -11.4477
-3.41572 -9.79333 -12.1575
-3.41656 -9.7926 -11.896
-3.41739 -9.79445 -12.1601
-3.41822 -9.7964 -11.9505
-3.41905 -9.79808 -11.7536
-3.41987 -9.79919 -11.7265
-3.4207 -9.80314 -11.9725
-3.42152 -9.79991 -11.727
-3.42234 -9.80195 -11.6969
-3.42316 -9.80068 -12.3619
-3.42398 -9.80287 -11.9354
-3.4248 -9.80473 -11.8509
-3.42562 -9.80907 -12.2378
-3.42643 -9.80486 -11.7251
-3.42724 -9.81465 -11.9453
-3.42805 -9.81227 -12.1082
-3.42886 -9.81886 -12.2809
-3.42967 -9.81964 -11.6491
-3.43048 -9.81565 -11.6589
-3.43128 -9.81991 -11.7645
-3.43209 -9.821 -11.6818
-3.43289 -9.82287 -11.5284
-3.43369 -9.82171 -11.8676
-3.43449 -9.83136 -11.8609
-3.43529 -9.82725 -11.6851
-3.43608 -9.82395 -11.7347
-3.43688 -9.83108 -12.3139
-3.43767 -9.8322 -12.3088
-3.43846 -9.83044 -11.9046
-3.43925 -9.83119 -12.2522
-3.44004 -9.83621 -11.9378
-3.44083 -9.8335 -12.333
-3.44162 -9.83212 -12.0949
-3.4424 -9.83713 -12.4665
-3.44318 -9.8426 -12.0477
-3.44397 -9.84268 -12.0973
-3.44475 -9.84676 -11.8349
-3.44553 -9.85036 -11.8017
-3.4463 -9.84083 -12.2206
-3.44708 -9.86022 -12.0378
-3.44786 -9.85145 -12.1013
-3.44863 -9.8591 -11.8145
-3.4494 -9.8557 -11.7641
-3.45017 -9.84861 -11.614
-3.45094 -9.85988 -11.5722
-3.45171 -9.85862 -11.9521
-3.45248 -9.86076 -12.0336
-3.45324 -9.8698 -11.8539
-3.45401 -9.86607 -12.0785
-3.45477 -9.86323 -11.8439
-3.45553 -9.871 -11.6826
-3.45629 -9.86785 -11.7791
-3.45705 -9.86655 -11.7675
-3.45781 -9.87059 -12.3211
-3.45856 -9.88084 -12.5235
-3.45932 -9.87471 -12.0774
-3.46007 -9.8747 -11.9249
-3.46082 -9.88148 -12.3275
-3.46157 -9.87285 -12.3184
-3.46232 -9.87563 -11.8322
-3.46307 -9.89372 -11.9118
-3.46382 -9.88989 -11.7949
-3.46456 -9.89543 -12.4168
-3.46531 -9.88919 -11.3979
-3.46605 -9.88592 -11.5017
-3.46679 -9.89398 -11.9383
-3.46753 -9.8875 -12.0874
-3.46827 -9.88949 -11.6429
-3.46901 -9.89162 -11.5675
-3.46975 -9.89015 -11.5808
-3.47048 -9.90061 -11.661
-3.47122 -9.89079 -12.188
-3.47195 -9.89898 -11.9692
-3.47268 -9.89883 -11.5749
-3.47341 -9.90907 -11.4943
-3.47414 -9.89848 -11.8109
-3.47487 -9.91346 -11.8376
-3.4756 -9.90756 -12.0017
-3.47632 -9.90447 -11.9969
-3.47705 -9.90969 -11.7498
-3.47777 -9.91664 -11.9125
-3.47849 -9.91125 -11.6327
-3.47922 -9.92638 -11.7187
-3.47994 -9.91473 -11.5626
-3.48065 -9.91833 -11.4062
-3.48137 -9.92271 -11.6488
-3.48209 -9.93518 -12.2614
-3.4828 -9.92715 -11.7984
-3.48352 -9.92732 -11.7191
-3.48423 -9.93163 -11.5937
-3.48494 -9.92439 -12.4255
-3.48565 -9.92201 -11.8154
-3.48636 -9.93743 -11.4813
-3.48707 -9.93321 -11.5321
-3.48777 -9.93291 -11.8006
-3.48848 -9.94158 -11.7694
-3.48918 -9.94398 -12.077
-3.48989 -9.93905 -11.3678
-3.49059 -9.93812 -11.8328
-3.49129 -9.94468 -11.7906
-3.49199 -9.93422 -11.7373
-3.49269 -9.94857 -12.1511
-3.49339 -9.92771 -11.5236
