0 1 1 
0.105263 0.93225 0.932246 
0.210526 0.867082 0.867076 
0.315789 0.804315 0.804307 
0.421053 0.743777 0.743768 
0.526316 0.6853 0.685289 
0.631579 0.62872 0.628709 
0.736842 0.573882 0.57387 
0.842105 0.520634 0.520622 
0.947368 0.468828 0.468816 
1.05263 0.418321 0.41831 
1.15789 0.368973 0.368962 
1.26316 0.320646 0.320636 
1.36842 0.273208 0.273199 
1.47368 0.226527 0.226519 
1.57895 0.180473 0.180467 
1.68421 0.134919 0.134914 
1.78947 0.089739 0.0897358 
1.89474 0.0448075 0.0448058 
2 0 3.47539e-016 
